1764159724091 97.0 1
1764159737482 99.0 2
1764159750950 99.0 3
1764159764479 99.0 4
1764159778003 99.0 5
1764159791565 99.0 6
1764159805110 99.0 7
1764159818677 99.0 8
1764159832198 99.0 9
1764159845638 99.0 10
1764159859260 99.0 11
1764159872793 97.0 12
1764159886270 99.0 13
1764159899710 99.0 14
1764159913267 99.0 15
1764159926681 99.0 16
1764159940108 99.0 17
1764159953536 99.0 18
1764159967036 99.0 19
1764159980476 99.0 20
1764159993923 99.0 21
1764160007422 99.0 22
1764160020851 99.0 23
1764160034274 99.0 24
1764160047694 99.0 25
1764160061132 99.0 26
1764160074540 99.0 27
1764160087942 99.0 28
1764160101406 99.0 29
1764160114887 99.0 30
1764160128373 99.0 31
1764160141782 99.0 32
1764160155216 99.0 33
1764160168621 99.0 34
1764160182024 99.0 35
1764160195452 99.0 36
1764160208838 99.0 37
1764160222327 99.0 38
1764160235805 97.0 39
1764160249199 99.0 40
1764160262691 99.0 41
1764160276139 99.0 42
1764160289505 99.0 43
1764160302929 99.0 44
1764160316313 99.0 45
1764160329744 99.0 46
1764160343197 99.0 47
1764160356620 99.0 48
1764160370024 99.0 49
1764160383409 99.0 50
1764160396864 99.0 51
1764160410312 99.0 52
1764160423723 99.0 53
1764160437123 99.0 54
1764160450538 99.0 55
1764160463983 99.0 56
1764160477389 99.0 57
1764160490797 99.0 58
1764160504187 99.0 59
1764160517615 99.0 60
1764160531037 99.0 61
1764160544424 99.0 62
1764160557819 99.0 63
1764160571206 99.0 64
1764160584596 99.0 65
1764160597945 99.0 66
1764160611335 99.0 67
1764160624822 99.0 68
1764160638252 99.0 69
1764160651742 99.0 70
1764160665127 99.0 71
1764160678626 99.0 72
1764160692075 99.0 73
1764160705441 99.0 74
1764160718835 99.0 75
1764160732304 99.0 76
1764160745731 99.0 77
1764160759139 99.0 78
1764160772593 99.0 79
1764160786054 99.0 80
1764160799460 99.0 81
1764160812888 99.0 82
1764160826366 99.0 83
1764160839829 99.0 84
1764160853274 99.0 85
1764160866710 99.0 86
1764160880102 99.0 87
1764160893487 99.0 88
1764160906891 99.0 89
1764160920322 99.0 90
1764160933790 99.0 91
1764160947184 99.0 92
1764160960649 99.0 93
1764160974037 99.0 94
1764160987499 99.0 95
1764161000956 99.0 96
1764161014397 99.0 97
1764161027785 99.0 98
1764161041228 99.0 99
1764161054690 99.0 100
1764161068102 99.0 101
1764161081587 99.0 102
1764161095146 99.0 103
1764161108557 99.0 104
1764161121963 99.0 105
1764161135427 99.0 106
1764161148862 99.0 107
1764161162396 98.0 108
1764161175792 99.0 109
1764161189136 99.0 110
1764161202512 99.0 111
1764161215918 99.0 112
1764161229358 99.0 113
1764161242726 99.0 114
1764161256200 99.0 115
1764161269646 99.0 116
1764161283088 99.0 117
1764161296539 99.0 118
1764161309942 99.0 119
1764161323354 99.0 120
1764161336831 99.0 121
1764161350245 99.0 122
1764161363743 99.0 123
1764161377163 99.0 124
1764161390553 99.0 125
1764161404002 99.0 126
1764161417432 99.0 127
1764161430863 99.0 128
1764161444370 99.0 129
1764161457806 99.0 130
1764161471218 99.0 131
1764161484657 99.0 132
1764161498087 99.0 133
1764161511478 99.0 134
1764161524903 99.0 135
1764161538310 99.0 136
1764161551764 99.0 137
1764161565146 99.0 138
1764161578565 99.0 139
1764161592054 99.0 140
1764161605543 99.0 141
1764161618949 99.0 142
1764161632393 99.0 143
1764161645788 99.0 144
1764161659179 99.0 145
1764161672593 99.0 146
1764161686013 99.0 147
1764161699431 99.0 148
1764161712963 94.0 149
1764161726382 99.0 150
1764161739821 99.0 151
1764161753273 99.0 152
1764161766696 99.0 153
1764161780120 99.0 154
1764161793587 99.0 155
1764161807075 99.0 156
1764161820450 99.0 157
1764161833843 99.0 158
1764161847308 99.0 159
1764161860763 99.0 160
1764161874164 99.0 161
1764161887570 99.0 162
1764161900978 99.0 163
1764161914386 99.0 164
1764161927878 99.0 165
1764161941352 99.0 166
1764161954846 99.0 167
1764161968334 99.0 168
1764161981718 99.0 169
1764161995105 99.0 170
