1764159724091 20.933306217193604 1
1764159737482 20.933306217193604 2
1764159750950 20.933306217193604 3
1764159764479 20.933306217193604 4
1764159778003 20.933306217193604 5
1764159791565 20.933306217193604 6
1764159805110 20.933306217193604 7
1764159818677 20.933306217193604 8
1764159832198 20.933306217193604 9
1764159845638 20.933306217193604 10
1764159859260 20.933306217193604 11
1764159872793 20.933306217193604 12
1764159886270 20.933306217193604 13
1764159899710 20.933306217193604 14
1764159913267 20.933306217193604 15
1764159926681 20.933306217193604 16
1764159940108 20.933306217193604 17
1764159953536 20.933306217193604 18
1764159967036 20.933306217193604 19
1764159980476 20.933306217193604 20
1764159993923 20.933306217193604 21
1764160007422 20.933306217193604 22
1764160020851 20.933306217193604 23
1764160034274 20.933306217193604 24
1764160047694 20.933306217193604 25
1764160061132 20.933306217193604 26
1764160074540 20.933306217193604 27
1764160087942 20.933306217193604 28
1764160101406 20.933306217193604 29
1764160114887 20.933306217193604 30
1764160128373 20.933306217193604 31
1764160141782 20.933306217193604 32
1764160155216 20.933306217193604 33
1764160168621 20.933306217193604 34
1764160182024 20.933306217193604 35
1764160195452 20.933306217193604 36
1764160208838 20.933306217193604 37
1764160222327 20.933306217193604 38
1764160235805 20.933306217193604 39
1764160249199 20.933306217193604 40
1764160262691 20.933306217193604 41
1764160276139 20.933306217193604 42
1764160289505 20.933306217193604 43
1764160302929 20.933306217193604 44
1764160316313 20.933306217193604 45
1764160329744 20.933306217193604 46
1764160343197 20.933306217193604 47
1764160356620 20.933306217193604 48
1764160370024 20.933306217193604 49
1764160383409 20.933306217193604 50
1764160396864 20.933306217193604 51
1764160410312 20.933306217193604 52
1764160423723 20.933306217193604 53
1764160437123 20.933306217193604 54
1764160450538 20.933306217193604 55
1764160463983 20.933306217193604 56
1764160477389 20.933306217193604 57
1764160490797 20.933306217193604 58
1764160504187 20.933306217193604 59
1764160517615 20.933306217193604 60
1764160531037 20.933306217193604 61
1764160544424 20.933306217193604 62
1764160557819 20.933306217193604 63
1764160571206 20.933306217193604 64
1764160584596 20.933306217193604 65
1764160597945 20.933306217193604 66
1764160611335 20.933306217193604 67
1764160624822 20.933306217193604 68
1764160638252 20.933306217193604 69
1764160651742 20.933306217193604 70
1764160665127 20.933306217193604 71
1764160678626 20.933306217193604 72
1764160692075 20.933306217193604 73
1764160705441 20.933306217193604 74
1764160718835 20.933306217193604 75
1764160732304 20.933306217193604 76
1764160745731 20.933306217193604 77
1764160759139 20.933306217193604 78
1764160772593 20.933306217193604 79
1764160786054 20.933306217193604 80
1764160799460 20.933306217193604 81
1764160812888 20.933306217193604 82
1764160826366 20.933306217193604 83
1764160839829 20.933306217193604 84
1764160853274 20.933306217193604 85
1764160866710 20.933306217193604 86
1764160880102 20.933306217193604 87
1764160893487 20.933306217193604 88
1764160906891 20.933306217193604 89
1764160920322 20.933306217193604 90
1764160933790 20.933306217193604 91
1764160947184 20.933306217193604 92
1764160960649 20.933306217193604 93
1764160974037 20.933306217193604 94
1764160987499 20.933306217193604 95
1764161000956 20.933306217193604 96
1764161014397 20.933306217193604 97
1764161027785 20.933306217193604 98
1764161041228 20.933306217193604 99
1764161054690 20.933306217193604 100
1764161068102 20.933306217193604 101
1764161081587 20.933306217193604 102
1764161095146 20.933306217193604 103
1764161108557 20.933306217193604 104
1764161121963 20.933306217193604 105
1764161135427 20.933306217193604 106
1764161148862 20.933306217193604 107
1764161162396 20.933306217193604 108
1764161175792 20.933306217193604 109
1764161189136 20.933306217193604 110
1764161202512 20.933306217193604 111
1764161215918 20.933306217193604 112
1764161229358 20.933306217193604 113
1764161242726 20.933306217193604 114
1764161256200 20.933306217193604 115
1764161269646 20.933306217193604 116
1764161283088 20.933306217193604 117
1764161296539 20.933306217193604 118
1764161309942 20.933306217193604 119
1764161323354 20.933306217193604 120
1764161336831 20.933306217193604 121
1764161350245 20.933306217193604 122
1764161363743 20.933306217193604 123
1764161377163 20.933306217193604 124
1764161390553 20.933306217193604 125
1764161404002 20.933306217193604 126
1764161417432 20.933306217193604 127
1764161430863 20.933306217193604 128
1764161444370 20.933306217193604 129
1764161457806 20.933306217193604 130
1764161471218 20.933306217193604 131
1764161484657 20.933306217193604 132
1764161498087 20.933306217193604 133
1764161511478 20.933306217193604 134
1764161524903 20.933306217193604 135
1764161538310 20.933306217193604 136
1764161551764 20.933306217193604 137
1764161565146 20.933306217193604 138
1764161578565 20.933306217193604 139
1764161592054 20.933306217193604 140
1764161605543 20.933306217193604 141
1764161618949 20.933306217193604 142
1764161632393 20.933306217193604 143
1764161645788 20.933306217193604 144
1764161659179 20.933306217193604 145
1764161672593 20.933306217193604 146
1764161686013 20.933306217193604 147
1764161699431 20.933306217193604 148
1764161712963 20.933306217193604 149
1764161726382 20.933306217193604 150
1764161739821 20.933306217193604 151
1764161753273 20.933306217193604 152
1764161766696 20.933306217193604 153
1764161780120 20.933306217193604 154
1764161793587 20.933306217193604 155
1764161807075 20.933306217193604 156
1764161820450 20.933306217193604 157
1764161833843 20.933306217193604 158
1764161847308 20.933306217193604 159
1764161860763 20.933306217193604 160
1764161874164 20.933306217193604 161
1764161887570 20.933306217193604 162
1764161900978 20.933306217193604 163
1764161914386 20.933306217193604 164
1764161927878 20.933306217193604 165
1764161941352 20.933306217193604 166
1764161954846 20.933306217193604 167
1764161968334 20.933306217193604 168
1764161981718 20.933306217193604 169
1764161995105 20.933306217193604 170
