1764159724091 -0.29677365720272064 1
1764159737482 -0.29464540630578995 2
1764159750950 -0.32551704347133636 3
1764159764479 -0.30473052710294724 4
1764159778003 -0.27313151955604553 5
1764159791565 -0.28822848945856094 6
1764159805110 -0.28362343460321426 7
1764159818677 -0.28908564895391464 8
1764159832198 -0.2880221977829933 9
1764159845638 -0.26713091880083084 10
1764159859260 -0.2843023091554642 11
1764159872793 -0.28448863327503204 12
1764159886270 -0.299331896007061 13
1764159899710 -0.2893645130097866 14
1764159913267 -0.27404242008924484 15
1764159926681 -0.2942528650164604 16
1764159940108 -0.2786322981119156 17
1764159953536 -0.29425880312919617 18
1764159967036 -0.29838723689317703 19
1764159980476 -0.27064820751547813 20
1764159993923 -0.2882160022854805 21
1764160007422 -0.29830871522426605 22
1764160020851 -0.2774985209107399 23
1764160034274 -0.3072785809636116 24
1764160047694 -0.2667386718094349 25
1764160061132 -0.27943188697099686 26
1764160074540 -0.29230132699012756 27
1764160087942 -0.2681271955370903 28
1764160101406 -0.3024952784180641 29
1764160114887 -0.275055967271328 30
1764160128373 -0.2920294478535652 31
1764160141782 -0.27532633394002914 32
1764160155216 -0.2679331786930561 33
1764160168621 -0.2413509488105774 34
1764160182024 -0.2789750248193741 35
1764160195452 -0.27576742321252823 36
1764160208838 -0.24011372029781342 37
1764160222327 -0.23923002928495407 38
1764160235805 -0.26106613129377365 39
1764160249199 -0.24547896534204483 40
1764160262691 -0.24503234028816223 41
1764160276139 -0.26125333085656166 42
1764160289505 -0.22661442682147026 43
1764160302929 -0.2534708343446255 44
1764160316313 -0.23556463792920113 45
1764160329744 -0.22037959098815918 46
1764160343197 -0.23034877330064774 47
1764160356620 -0.2448343187570572 48
1764160370024 -0.21441317722201347 49
1764160383409 -0.20205703377723694 50
1764160396864 -0.22195043414831161 51
1764160410312 -0.19186260178685188 52
1764160423723 -0.18868301436305046 53
1764160437123 -0.18682391196489334 54
1764160450538 -0.18487462028861046 55
1764160463983 -0.1820632629096508 56
1764160477389 -0.17671476304531097 57
1764160490797 -0.18075954169034958 58
1764160504187 -0.15621961280703545 59
1764160517615 -0.1400037370622158 60
1764160531037 -0.1248734463006258 61
1764160544424 -0.12861032038927078 62
1764160557819 -0.13581466861069202 63
1764160571206 -0.13872812502086163 64
1764160584596 -0.11445914208889008 65
1764160597945 -0.12337115965783596 66
1764160611335 -0.1367894597351551 67
1764160624822 -0.10645448043942451 68
1764160638252 -0.10436380468308926 69
1764160651742 -0.1198057159781456 70
1764160665127 -0.07542304135859013 71
1764160678626 -0.05649986304342747 72
1764160692075 -0.07661254145205021 73
1764160705441 -0.05684283282607794 74
1764160718835 -0.07048128079622984 75
1764160732304 -0.046746923588216305 76
1764160745731 -0.05906299874186516 77
1764160759139 -0.043720931411371566 78
1764160772593 -0.03448465233668685 79
1764160786054 -0.039120113709941506 80
1764160799460 -0.039956776425242424 81
1764160812888 -0.04309552616905421 82
1764160826366 -0.029895042069256306 83
1764160839829 -0.00914327014470473 84
1764160853274 -0.020480851642787457 85
1764160866710 -0.019221849186578766 86
1764160880102 -0.0014138894621282816 87
1764160893487 0.004667425062507391 88
1764160906891 0.004694768053013831 89
1764160920322 -0.011356902308762074 90
1764160933790 0.007486076356144622 91
1764160947184 -0.018531121779233217 92
1764160960649 -0.030915254377759993 93
1764160974037 0.0037328737671487033 94
1764160987499 -0.01652618357911706 95
1764161000956 -0.04150629509240389 96
1764161014397 -0.007954335771501064 97
1764161027785 -0.026986300479620695 98
1764161041228 -0.03242961852811277 99
1764161054690 -0.01471228920854628 100
1764161068102 -0.025711406720802188 101
1764161081587 -0.034120541298761964 102
1764161095146 -0.04813738353550434 103
1764161108557 -0.04757353663444519 104
1764161121963 -0.044546305667608976 105
1764161135427 -0.051621013320982456 106
1764161148862 -0.04228043369948864 107
1764161162396 -0.06479308661073446 108
1764161175792 -0.06652146019041538 109
1764161189136 -0.05987490015104413 110
1764161202512 -0.08899617753922939 111
1764161215918 -0.07010054029524326 112
1764161229358 -0.07621654588729143 113
1764161242726 -0.08792287483811378 114
1764161256200 -0.09214919060468674 115
1764161269646 -0.10010425373911858 116
1764161283088 -0.11243796907365322 117
1764161296539 -0.09234286099672318 118
1764161309942 -0.0937005765736103 119
1764161323354 -0.10007053799927235 120
1764161336831 -0.09278835356235504 121
1764161350245 -0.09517428651452065 122
1764161363743 -0.09542153589427471 123
1764161377163 -0.10486252792179585 124
1764161390553 -0.08277702145278454 125
1764161404002 -0.10001287795603275 126
1764161417432 -0.09666816517710686 127
1764161430863 -0.12115181982517242 128
1764161444370 -0.09853693284094334 129
1764161457806 -0.10663329437375069 130
1764161471218 -0.09502036683261395 131
1764161484657 -0.11320638097822666 132
1764161498087 -0.11130824685096741 133
1764161511478 -0.12254386022686958 134
1764161524903 -0.12763486988842487 135
1764161538310 -0.12073888815939426 136
1764161551764 -0.11691640131175518 137
1764161565146 -0.11845247633755207 138
1764161578565 -0.09937114641070366 139
1764161592054 -0.1262743417173624 140
1764161605543 -0.14308237470686436 141
1764161618949 -0.11710991337895393 142
1764161632393 -0.11168285273015499 143
1764161645788 -0.12167591229081154 144
1764161659179 -0.14056023582816124 145
1764161672593 -0.12239749915897846 146
1764161686013 -0.15236631035804749 147
1764161699431 -0.13628331944346428 148
1764161712963 -0.15146011486649513 149
1764161726382 -0.143401388078928 150
1764161739821 -0.17802229896187782 151
1764161753273 -0.17887607216835022 152
1764161766696 -0.15454519540071487 153
1764161780120 -0.16101277247071266 154
1764161793587 -0.1737585999071598 155
1764161807075 -0.15903956815600395 156
1764161820450 -0.15186980366706848 157
1764161833843 -0.16805776208639145 158
1764161847308 -0.161448884755373 159
1764161860763 -0.18413670361042023 160
1764161874164 -0.1789592206478119 161
1764161887570 -0.1857612058520317 162
1764161900978 -0.19232641533017159 163
1764161914386 -0.19925956800580025 164
1764161927878 -0.18828018754720688 165
1764161941352 -0.19154295697808266 166
1764161954846 -0.1974228248000145 167
1764161968334 -0.18602535501122475 168
1764161981718 -0.20892198383808136 169
1764161995105 -0.2121424451470375 170
