1764159724091 2.4520376324653625 1
1764159737482 2.460991859436035 2
1764159750950 2.45916748046875 3
1764159764479 2.4632595777511597 4
1764159778003 2.463895797729492 5
1764159791565 2.454776704311371 6
1764159805110 2.457639992237091 7
1764159818677 2.462158441543579 8
1764159832198 2.461402416229248 9
1764159845638 2.460427165031433 10
1764159859260 2.4581099152565002 11
1764159872793 2.467161238193512 12
1764159886270 2.4611331820487976 13
1764159899710 2.45067822933197 14
1764159913267 2.4570571184158325 15
1764159926681 2.4574798345565796 16
1764159940108 2.45890736579895 17
1764159953536 2.4613165259361267 18
1764159967036 2.4508803486824036 19
1764159980476 2.4650856852531433 20
1764159993923 2.4544159173965454 21
1764160007422 2.455607235431671 22
1764160020851 2.449725866317749 23
1764160034274 2.4516724944114685 24
1764160047694 2.4642569422721863 25
1764160061132 2.462742865085602 26
1764160074540 2.449528157711029 27
1764160087942 2.4568682312965393 28
1764160101406 2.4626269936561584 29
1764160114887 2.4595536589622498 30
1764160128373 2.446953594684601 31
1764160141782 2.4488503336906433 32
1764160155216 2.447992742061615 33
1764160168621 2.4376834630966187 34
1764160182024 2.4456623196601868 35
1764160195452 2.447937250137329 36
1764160208838 2.445062279701233 37
1764160222327 2.4393699765205383 38
1764160235805 2.4377090334892273 39
1764160249199 2.4372636675834656 40
1764160262691 2.421459197998047 41
1764160276139 2.4289844036102295 42
1764160289505 2.4343239068984985 43
1764160302929 2.4298755526542664 44
1764160316313 2.421136796474457 45
1764160329744 2.4098933339118958 46
1764160343197 2.4230540990829468 47
1764160356620 2.418745517730713 48
1764160370024 2.419853150844574 49
1764160383409 2.4150617718696594 50
1764160396864 2.4026724100112915 51
1764160410312 2.407196879386902 52
1764160423723 2.3989635705947876 53
1764160437123 2.411005198955536 54
1764160450538 2.3937180638313293 55
1764160463983 2.3957256078720093 56
1764160477389 2.393616259098053 57
1764160490797 2.3896923661231995 58
1764160504187 2.3897406458854675 59
1764160517615 2.390303075313568 60
1764160531037 2.3812162280082703 61
1764160544424 2.3804906606674194 62
1764160557819 2.3737224340438843 63
1764160571206 2.365865647792816 64
1764160584596 2.362675130367279 65
1764160597945 2.3647570610046387 66
1764160611335 2.355247974395752 67
1764160624822 2.357016146183014 68
1764160638252 2.358821928501129 69
1764160651742 2.352875530719757 70
1764160665127 2.348238706588745 71
1764160678626 2.3389039039611816 72
1764160692075 2.346230208873749 73
1764160705441 2.3480440378189087 74
1764160718835 2.3264260292053223 75
1764160732304 2.333132743835449 76
1764160745731 2.329207181930542 77
1764160759139 2.3273224234580994 78
1764160772593 2.3213050365448 79
1764160786054 2.3159969449043274 80
1764160799460 2.3149731159210205 81
1764160812888 2.320560336112976 82
1764160826366 2.3074854612350464 83
1764160839829 2.30127489566803 84
1764160853274 2.305972993373871 85
1764160866710 2.304977059364319 86
1764160880102 2.2997131943702698 87
1764160893487 2.281956136226654 88
1764160906891 2.291568636894226 89
1764160920322 2.285807251930237 90
1764160933790 2.2875171899795532 91
1764160947184 2.2785242795944214 92
1764160960649 2.276766002178192 93
1764160974037 2.2767998576164246 94
1764160987499 2.2583471536636353 95
1764161000956 2.2616514563560486 96
1764161014397 2.263962209224701 97
1764161027785 2.242372155189514 98
1764161041228 2.2418551445007324 99
1764161054690 2.2441996932029724 100
1764161068102 2.2411113381385803 101
1764161081587 2.24578720331192 102
1764161095146 2.2331742644309998 103
1764161108557 2.2319640517234802 104
1764161121963 2.221877336502075 105
1764161135427 2.223216474056244 106
1764161148862 2.2131152749061584 107
1764161162396 2.221729815006256 108
1764161175792 2.2070438861846924 109
1764161189136 2.21426922082901 110
1764161202512 2.202437698841095 111
1764161215918 2.208455264568329 112
1764161229358 2.202330231666565 113
1764161242726 2.2112913131713867 114
1764161256200 2.2153839468955994 115
1764161269646 2.2166810035705566 116
1764161283088 2.206774353981018 117
1764161296539 2.2054579854011536 118
1764161309942 2.1991575360298157 119
1764161323354 2.2015424370765686 120
1764161336831 2.200680732727051 121
1764161350245 2.194609224796295 122
1764161363743 2.2087122797966003 123
1764161377163 2.210404098033905 124
1764161390553 2.2121275067329407 125
1764161404002 2.2070863842964172 126
1764161417432 2.2099599838256836 127
1764161430863 2.199203372001648 128
1764161444370 2.217215418815613 129
1764161457806 2.2068480253219604 130
1764161471218 2.1922810077667236 131
1764161484657 2.2034014463424683 132
1764161498087 2.2007843255996704 133
1764161511478 2.207694411277771 134
1764161524903 2.219618260860443 135
1764161538310 2.2090612649917603 136
1764161551764 2.212610125541687 137
1764161565146 2.207407534122467 138
1764161578565 2.20359468460083 139
1764161592054 2.1858808398246765 140
1764161605543 2.2125772833824158 141
1764161618949 2.196256995201111 142
1764161632393 2.202614188194275 143
1764161645788 2.2057071924209595 144
1764161659179 2.19497013092041 145
1764161672593 2.2101688385009766 146
1764161686013 2.2188028693199158 147
1764161699431 2.2016677856445312 148
1764161712963 2.230080723762512 149
1764161726382 2.207999348640442 150
1764161739821 2.224977970123291 151
1764161753273 2.2283138632774353 152
1764161766696 2.212592840194702 153
1764161780120 2.229707717895508 154
1764161793587 2.214290678501129 155
1764161807075 2.219070851802826 156
1764161820450 2.2247517108917236 157
1764161833843 2.2091500759124756 158
1764161847308 2.214032292366028 159
1764161860763 2.2013367414474487 160
1764161874164 2.2219030261039734 161
1764161887570 2.207843005657196 162
1764161900978 2.208206534385681 163
1764161914386 2.222911059856415 164
1764161927878 2.2230576276779175 165
1764161941352 2.2103352546691895 166
1764161954846 2.2267903685569763 167
1764161968334 2.211538791656494 168
1764161981718 2.226308226585388 169
1764161995105 2.2146233916282654 170
