1764159724091 1.0279358923435211 1
1764159737482 1.0276255309581757 2
1764159750950 1.0404899716377258 3
1764159764479 1.0336932837963104 4
1764159778003 1.0208221077919006 5
1764159791565 1.0249148607254028 6
1764159805110 1.0250747203826904 7
1764159818677 1.0244502127170563 8
1764159832198 1.0278888940811157 9
1764159845638 1.019536703824997 10
1764159859260 1.0222956538200378 11
1764159872793 1.0249361991882324 12
1764159886270 1.0311643183231354 13
1764159899710 1.024535894393921 14
1764159913267 1.0174006074666977 15
1764159926681 1.029265433549881 16
1764159940108 1.0224356055259705 17
1764159953536 1.0272261500358582 18
1764159967036 1.0278732180595398 19
1764159980476 1.0183085501194 20
1764159993923 1.025326281785965 21
1764160007422 1.029035210609436 22
1764160020851 1.0200469195842743 23
1764160034274 1.0322787463665009 24
1764160047694 1.0168792009353638 25
1764160061132 1.0205866396427155 26
1764160074540 1.028669834136963 27
1764160087942 1.0169523656368256 28
1764160101406 1.0306130647659302 29
1764160114887 1.0208693444728851 30
1764160128373 1.0247379541397095 31
1764160141782 1.018980622291565 32
1764160155216 1.0150041580200195 33
1764160168621 1.0026171505451202 34
1764160182024 1.016313761472702 35
1764160195452 1.019449770450592 36
1764160208838 1.002100721001625 37
1764160222327 1.0020382404327393 38
1764160235805 1.0107450783252716 39
1764160249199 1.002755045890808 40
1764160262691 1.0015216320753098 41
1764160276139 1.0077887028455734 42
1764160289505 0.993523582816124 43
1764160302929 1.0041471272706985 44
1764160316313 0.9966733157634735 45
1764160329744 0.9875225871801376 46
1764160343197 0.9925538897514343 47
1764160356620 0.9994001984596252 48
1764160370024 0.9865229278802872 49
1764160383409 0.9804868996143341 50
1764160396864 0.9888008087873459 51
1764160410312 0.9740894138813019 52
1764160423723 0.9728805869817734 53
1764160437123 0.9730271995067596 54
1764160450538 0.970012292265892 55
1764160463983 0.9680988937616348 56
1764160477389 0.966572031378746 57
1764160490797 0.9671866446733475 58
1764160504187 0.9577925950288773 59
1764160517615 0.9491308480501175 60
1764160531037 0.9430021643638611 61
1764160544424 0.9421456307172775 62
1764160557819 0.9456872045993805 63
1764160571206 0.9453030377626419 64
1764160584596 0.9342601448297501 65
1764160597945 0.9377472847700119 66
1764160611335 0.9423128366470337 67
1764160624822 0.9294597804546356 68
1764160638252 0.9294327795505524 69
1764160651742 0.9366394430398941 70
1764160665127 0.9136326611042023 71
1764160678626 0.902605414390564 72
1764160692075 0.9130817949771881 73
1764160705441 0.9061587303876877 74
1764160718835 0.909239336848259 75
1764160732304 0.8995951116085052 76
1764160745731 0.9043995589017868 77
1764160759139 0.8968099355697632 78
1764160772593 0.8903567343950272 79
1764160786054 0.8928522169589996 80
1764160799460 0.892618328332901 81
1764160812888 0.8954020589590073 82
1764160826366 0.8868980705738068 83
1764160839829 0.8772023618221283 84
1764160853274 0.8819764405488968 85
1764160866710 0.8806063383817673 86
1764160880102 0.8711464256048203 87
1764160893487 0.865225613117218 88
1764160906891 0.8676867187023163 89
1764160920322 0.8745748996734619 90
1764160933790 0.8661609441041946 91
1764160947184 0.8777882009744644 92
1764160960649 0.8840666562318802 93
1764160974037 0.8653162717819214 94
1764160987499 0.872205838561058 95
1764161000956 0.884259894490242 96
1764161014397 0.8686746954917908 97
1764161027785 0.8743354380130768 98
1764161041228 0.8777714371681213 99
1764161054690 0.868399441242218 100
1764161068102 0.8729323148727417 101
1764161081587 0.878611296415329 102
1764161095146 0.8843045681715012 103
1764161108557 0.881833016872406 104
1764161121963 0.8779328912496567 105
1764161135427 0.8809082061052322 106
1764161148862 0.8747726082801819 107
1764161162396 0.888143390417099 108
1764161175792 0.8866389244794846 109
1764161189136 0.8838649839162827 110
1764161202512 0.8929113000631332 111
1764161215918 0.8833368867635727 112
1764161229358 0.886414647102356 113
1764161242726 0.8915347158908844 114
1764161256200 0.8952967375516891 115
1764161269646 0.8995939940214157 116
1764161283088 0.9037539809942245 117
1764161296539 0.8898603171110153 118
1764161309942 0.8883359879255295 119
1764161323354 0.8865988552570343 120
1764161336831 0.8870335519313812 121
1764161350245 0.8818183690309525 122
1764161363743 0.8841341137886047 123
1764161377163 0.8921153247356415 124
1764161390553 0.8782391846179962 125
1764161404002 0.8839060515165329 126
1764161417432 0.8851100355386734 127
1764161430863 0.8959849029779434 128
1764161444370 0.8843219578266144 129
1764161457806 0.8864062577486038 130
1764161471218 0.8768240660429001 131
1764161484657 0.8832066506147385 132
1764161498087 0.8849167972803116 133
1764161511478 0.8913213312625885 134
1764161524903 0.8913473337888718 135
1764161538310 0.8859483301639557 136
1764161551764 0.8862274587154388 137
1764161565146 0.8816679418087006 138
1764161578565 0.8719388693571091 139
1764161592054 0.8781272321939468 140
1764161605543 0.8944810330867767 141
1764161618949 0.8782018423080444 142
1764161632393 0.8758186399936676 143
1764161645788 0.8730479031801224 144
1764161659179 0.88251593708992 145
1764161672593 0.879660040140152 146
1764161686013 0.8934330642223358 147
1764161699431 0.8807498961687088 148
1764161712963 0.8929605036973953 149
1764161726382 0.8803807497024536 150
1764161739821 0.906719759106636 151
1764161753273 0.9039388746023178 152
1764161766696 0.8888582736253738 153
1764161780120 0.8939595222473145 154
1764161793587 0.8981156647205353 155
1764161807075 0.8873806446790695 156
1764161820450 0.89058718085289 157
1764161833843 0.8926913142204285 158
1764161847308 0.8908008933067322 159
1764161860763 0.900373250246048 160
1764161874164 0.9047560095787048 161
1764161887570 0.902276411652565 162
1764161900978 0.8992476761341095 163
1764161914386 0.9104565382003784 164
1764161927878 0.911280170083046 165
1764161941352 0.8961424231529236 166
1764161954846 0.9078148305416107 167
1764161968334 0.8996007144451141 168
1764161981718 0.9178425073623657 169
1764161995105 0.9128934890031815 170
