1764159724091 0.08173459023237228 1
1764159737482 0.0820330660790205 2
1764159750950 0.08197225071489811 3
1764159764479 0.08210865408182144 4
1764159778003 0.08212986029684544 5
1764159791565 0.08182589150965214 6
1764159805110 0.08192133158445358 7
1764159818677 0.0820719487965107 8
1764159832198 0.0820467472076416 9
1764159845638 0.08201424032449722 10
1764159859260 0.08193700015544891 11
1764159872793 0.0822387095540762 12
1764159886270 0.08203777484595776 13
1764159899710 0.0816892758011818 14
1764159913267 0.08190190233290195 15
1764159926681 0.08191599696874619 16
1764159940108 0.08196358010172844 17
1764159953536 0.08204388804733753 18
1764159967036 0.08169601298868656 19
1764159980476 0.08216952718794346 20
1764159993923 0.08181386440992355 21
1764160007422 0.08185357414186001 22
1764160020851 0.08165753073990345 23
1764160034274 0.08172241970896721 24
1764160047694 0.08214189857244492 25
1764160061132 0.0820914302021265 26
1764160074540 0.08165093883872032 27
1764160087942 0.08189561031758785 28
1764160101406 0.08208756893873215 29
1764160114887 0.0819851215928793 30
1764160128373 0.08156511932611465 31
1764160141782 0.08162834867835045 32
1764160155216 0.0815997589379549 33
1764160168621 0.08125611767172813 34
1764160182024 0.08152207918465137 35
1764160195452 0.08159790933132172 36
1764160208838 0.08150207623839378 37
1764160222327 0.08131233416497707 38
1764160235805 0.08125696890056133 39
1764160249199 0.08124212361872196 40
1764160262691 0.08071530610322952 41
1764160276139 0.0809661503881216 42
1764160289505 0.08114413358271122 43
1764160302929 0.08099585212767124 44
1764160316313 0.08070456050336361 45
1764160329744 0.080329779535532 46
1764160343197 0.08076846972107887 47
1764160356620 0.08062485419213772 48
1764160370024 0.08066177181899548 49
1764160383409 0.08050205931067467 50
1764160396864 0.08008908107876778 51
1764160410312 0.08023989759385586 52
1764160423723 0.07996545359492302 53
1764160437123 0.08036684058606625 54
1764160450538 0.07979060336947441 55
1764160463983 0.07985752075910568 56
1764160477389 0.07978721335530281 57
1764160490797 0.07965641282498837 58
1764160504187 0.07965802401304245 59
1764160517615 0.07967676967382431 60
1764160531037 0.07937387377023697 61
1764160544424 0.07934968918561935 62
1764160557819 0.07912408374249935 63
1764160571206 0.07886219024658203 64
1764160584596 0.07875583693385124 65
1764160597945 0.07882523722946644 66
1764160611335 0.07850826531648636 67
1764160624822 0.07856720499694347 68
1764160638252 0.07862739823758602 69
1764160651742 0.07842918485403061 70
1764160665127 0.07827462814748287 71
1764160678626 0.07796346582472324 72
1764160692075 0.07820767536759377 73
1764160705441 0.0782681368291378 74
1764160718835 0.07754753343760967 75
1764160732304 0.07777109369635582 76
1764160745731 0.07764023914933205 77
1764160759139 0.07757741399109364 78
1764160772593 0.0773768350481987 79
1764160786054 0.0771999005228281 80
1764160799460 0.0771657694131136 81
1764160812888 0.07735201343894005 82
1764160826366 0.07691618241369724 83
1764160839829 0.07670916430652142 84
1764160853274 0.07686576619744301 85
1764160866710 0.07683257199823856 86
1764160880102 0.07665710709989071 87
1764160893487 0.07606520503759384 88
1764160906891 0.07638562470674515 89
1764160920322 0.07619357481598854 90
1764160933790 0.07625057362020016 91
1764160947184 0.07595081068575382 92
1764160960649 0.07589220255613327 93
1764160974037 0.0758933313190937 94
1764160987499 0.07527824118733406 95
1764161000956 0.07538838498294353 96
1764161014397 0.07546540908515453 97
1764161027785 0.07474573887884617 98
1764161041228 0.07472850196063519 99
1764161054690 0.07480665855109692 100
1764161068102 0.07470371387898922 101
1764161081587 0.07485957629978657 102
1764161095146 0.0744391418993473 103
1764161108557 0.07439880445599556 104
1764161121963 0.07406257651746273 105
1764161135427 0.0741072166711092 106
1764161148862 0.07377051189541817 107
1764161162396 0.07405766285955906 108
1764161175792 0.07356812991201878 109
1764161189136 0.07380897365510464 110
1764161202512 0.07341459207236767 111
1764161215918 0.0736151784658432 112
1764161229358 0.0734110102057457 113
1764161242726 0.07370971143245697 114
1764161256200 0.0738461334258318 115
1764161269646 0.0738893672823906 116
1764161283088 0.07355914451181889 117
1764161296539 0.0735152680426836 118
1764161309942 0.07330525293946266 119
1764161323354 0.07338474690914154 120
1764161336831 0.0733560249209404 121
1764161350245 0.07315364293754101 122
1764161363743 0.07362374477088451 123
1764161377163 0.07368013449013233 124
1764161390553 0.07373758591711521 125
1764161404002 0.07356954365968704 126
1764161417432 0.0736653320491314 127
1764161430863 0.07330678030848503 128
1764161444370 0.07390717975795269 129
1764161457806 0.07356160320341587 130
1764161471218 0.07307603396475315 131
1764161484657 0.07344671711325645 132
1764161498087 0.07335948199033737 133
1764161511478 0.07358981296420097 134
1764161524903 0.07398727722465992 135
1764161538310 0.07363537512719631 136
1764161551764 0.07375367172062397 137
1764161565146 0.07358025200664997 138
1764161578565 0.07345315627753735 139
1764161592054 0.07286269590258598 140
1764161605543 0.07375257648527622 141
1764161618949 0.07320856861770153 142
1764161632393 0.07342047430574894 143
1764161645788 0.07352357357740402 144
1764161659179 0.07316567376255989 145
1764161672593 0.07367229461669922 146
1764161686013 0.07396009378135204 147
1764161699431 0.07338892854750156 148
1764161712963 0.07433602772653103 149
1764161726382 0.07359997928142548 150
1764161739821 0.07416593469679356 151
1764161753273 0.07427713088691235 152
1764161766696 0.07375309616327286 153
1764161780120 0.07432359270751476 154
1764161793587 0.07380969263613224 155
1764161807075 0.07396903075277805 156
1764161820450 0.07415839284658432 157
1764161833843 0.07363833487033844 158
1764161847308 0.07380107417702675 159
1764161860763 0.07337789237499237 160
1764161874164 0.07406343333423138 161
1764161887570 0.07359476946294308 162
1764161900978 0.07360688410699368 163
1764161914386 0.07409703731536865 164
1764161927878 0.07410192489624023 165
1764161941352 0.07367784157395363 166
1764161954846 0.07422634772956371 167
1764161968334 0.07371796481311321 168
1764161981718 0.074210274964571 169
1764161995105 0.07382077723741531 170
