1764159724091 0.7493283152580261 1
1764159737482 0.7477236688137054 2
1764159750950 0.7719663679599762 3
1764159764479 0.7530800998210907 4
1764159778003 0.7266407459974289 5
1764159791565 0.7408820539712906 6
1764159805110 0.7356001436710358 7
1764159818677 0.7442632019519806 8
1764159832198 0.7375712692737579 9
1764159845638 0.7199353575706482 10
1764159859260 0.7386748641729355 11
1764159872793 0.7371328324079514 12
1764159886270 0.7487362623214722 13
1764159899710 0.7413249164819717 14
1764159913267 0.731635183095932 15
1764159926681 0.7445389628410339 16
1764159940108 0.7317873388528824 17
1764159953536 0.7464808225631714 18
1764159967036 0.7506023645401001 19
1764159980476 0.7261029481887817 20
1764159993923 0.7408346235752106 21
1764160007422 0.7493403553962708 22
1764160020851 0.7319081574678421 23
1764160034274 0.7579399198293686 24
1764160047694 0.7242045253515244 25
1764160061132 0.7358965128660202 26
1764160074540 0.7418566644191742 27
1764160087942 0.7247479856014252 28
1764160101406 0.7541580051183701 29
1764160114887 0.7279855161905289 30
1764160128373 0.7463076412677765 31
1764160141782 0.7304745316505432 32
1764160155216 0.7251363396644592 33
1764160168621 0.702427938580513 34
1764160182024 0.7388352304697037 35
1764160195452 0.7309819310903549 36
1764160208838 0.7028341889381409 37
1764160222327 0.7009546756744385 38
1764160235805 0.7206832468509674 39
1764160249199 0.7091200202703476 40
1764160262691 0.7077609598636627 41
1764160276139 0.7239141911268234 42
1764160289505 0.6933096498250961 43
1764160302929 0.7177697867155075 44
1764160316313 0.7027588188648224 45
1764160329744 0.6903475672006607 46
1764160343197 0.6981165558099747 47
1764160356620 0.709957093000412 48
1764160370024 0.6842735856771469 49
1764160383409 0.6741292029619217 50
1764160396864 0.6906540244817734 51
1764160410312 0.6659164577722549 52
1764160423723 0.6621354669332504 53
1764160437123 0.6599205136299133 54
1764160450538 0.6594245582818985 55
1764160463983 0.6589495092630386 56
1764160477389 0.6531180441379547 57
1764160490797 0.6570591777563095 58
1764160504187 0.6321569830179214 59
1764160517615 0.6194591671228409 60
1764160531037 0.601782962679863 61
1764160544424 0.6086977273225784 62
1764160557819 0.6157059371471405 63
1764160571206 0.6204282939434052 64
1764160584596 0.595573291182518 65
1764160597945 0.6056307554244995 66
1764160611335 0.6208929717540741 67
1764160624822 0.5888596624135971 68
1764160638252 0.5856698155403137 69
1764160651742 0.6000155657529831 70
1764160665127 0.5576331615447998 71
1764160678626 0.5404187440872192 72
1764160692075 0.561227560043335 73
1764160705441 0.5351659655570984 74
1764160718835 0.5545965433120728 75
1764160732304 0.5267058312892914 76
1764160745731 0.5412951707839966 77
1764160759139 0.5233451575040817 78
1764160772593 0.5169415175914764 79
1764160786054 0.5206870064139366 80
1764160799460 0.5232388526201248 81
1764160812888 0.5238061100244522 82
1764160826366 0.5115083381533623 83
1764160839829 0.48620235174894333 84
1764160853274 0.5018661916255951 85
1764160866710 0.5017274245619774 86
1764160880102 0.4814282953739166 87
1764160893487 0.47665533423423767 88
1764160906891 0.47274497896432877 89
1764160920322 0.49375099688768387 90
1764160933790 0.46902964264154434 91
1764160947184 0.5009311512112617 92
1764160960649 0.5139852613210678 93
1764160974037 0.47761376202106476 94
1764160987499 0.5044026598334312 95
1764161000956 0.533314898610115 96
1764161014397 0.49336109310388565 97
1764161027785 0.5201026648283005 98
1764161041228 0.5233215838670731 99
1764161054690 0.5064873099327087 100
1764161068102 0.5191919207572937 101
1764161081587 0.5264203399419785 102
1764161095146 0.541412889957428 103
1764161108557 0.5438223332166672 104
1764161121963 0.5433587431907654 105
1764161135427 0.5510189533233643 106
1764161148862 0.542926087975502 107
1764161162396 0.563835859298706 108
1764161175792 0.5668145716190338 109
1764161189136 0.5599556565284729 110
1764161202512 0.5958565920591354 111
1764161215918 0.5771840661764145 112
1764161229358 0.5821534544229507 113
1764161242726 0.5957129001617432 114
1764161256200 0.597637876868248 115
1764161269646 0.6052106618881226 116
1764161283088 0.6169587820768356 117
1764161296539 0.6041572093963623 118
1764161309942 0.6072004735469818 119
1764161323354 0.6189503222703934 120
1764161336831 0.6074246019124985 121
1764161350245 0.6163225024938583 122
1764161363743 0.6153502762317657 123
1764161377163 0.6205868124961853 124
1764161390553 0.6034942269325256 125
1764161404002 0.6217241883277893 126
1764161417432 0.6159380376338959 127
1764161430863 0.6389223635196686 128
1764161444370 0.6198316961526871 129
1764161457806 0.6287132948637009 130
1764161471218 0.6207551211118698 131
1764161484657 0.64092056453228 132
1764161498087 0.6359225809574127 133
1764161511478 0.6460527330636978 134
1764161524903 0.6532970517873764 135
1764161538310 0.6489832550287247 136
1764161551764 0.6436366140842438 137
1764161565146 0.6507514715194702 138
1764161578565 0.631995439529419 139
1764161592054 0.6615616679191589 140
1764161605543 0.6699562072753906 141
1764161618949 0.6500604003667831 142
1764161632393 0.6449963599443436 143
1764161645788 0.6628175526857376 144
1764161659179 0.6773650497198105 145
1764161672593 0.6566094607114792 146
1764161686013 0.6841377466917038 147
1764161699431 0.6720345318317413 148
1764161712963 0.6841730326414108 149
1764161726382 0.6835760921239853 150
1764161739821 0.7038278728723526 151
1764161753273 0.7070205211639404 152
1764161766696 0.6902748197317123 153
1764161780120 0.6954805850982666 154
1764161793587 0.7062650769948959 155
1764161807075 0.698050245642662 156
1764161820450 0.6857360601425171 157
1764161833843 0.7024664133787155 158
1764161847308 0.6976477205753326 159
1764161860763 0.7151289284229279 160
1764161874164 0.7061828523874283 161
1764161887570 0.7161294668912888 162
1764161900978 0.7266263961791992 163
1764161914386 0.7265081256628036 164
1764161927878 0.7126846462488174 165
1764161941352 0.7289114147424698 166
1764161954846 0.7288863062858582 167
1764161968334 0.7195111513137817 168
1764161981718 0.7323985397815704 169
1764161995105 0.7400754690170288 170
