1764159724091 5.28125 1
1764159737482 5.75 2
1764159750950 6.46875 3
1764159764479 5.5625 4
1764159778003 5.5 5
1764159791565 5.1875 6
1764159805110 5.84375 7
1764159818677 5.4375 8
1764159832198 5.5 9
1764159845638 5.96875 10
1764159859260 5.25 11
1764159872793 6.0 12
1764159886270 5.03125 13
1764159899710 6.125 14
1764159913267 4.71875 15
1764159926681 6.03125 16
1764159940108 5.125 17
1764159953536 6.21875 18
1764159967036 5.75 19
1764159980476 5.4375 20
1764159993923 4.6875 21
1764160007422 4.84375 22
1764160020851 5.03125 23
1764160034274 4.59375 24
1764160047694 4.84375 25
1764160061132 4.6875 26
1764160074540 5.0 27
1764160087942 5.03125 28
1764160101406 4.40625 29
1764160114887 4.5625 30
1764160128373 4.1875 31
1764160141782 4.46875 32
1764160155216 3.890625 33
1764160168621 3.796875 34
1764160182024 3.59375 35
1764160195452 3.625 36
1764160208838 3.1875 37
1764160222327 3.21875 38
1764160235805 3.375 39
1764160249199 3.109375 40
1764160262691 2.96875 41
1764160276139 3.125 42
1764160289505 3.203125 43
1764160302929 3.171875 44
1764160316313 3.21875 45
1764160329744 2.921875 46
1764160343197 3.046875 47
1764160356620 2.84375 48
1764160370024 3.0 49
1764160383409 2.671875 50
1764160396864 2.8125 51
1764160410312 2.828125 52
1764160423723 2.890625 53
1764160437123 2.5 54
1764160450538 2.90625 55
1764160463983 2.6875 56
1764160477389 2.484375 57
1764160490797 2.515625 58
1764160504187 2.5 59
1764160517615 2.40625 60
1764160531037 2.46875 61
1764160544424 2.296875 62
1764160557819 2.109375 63
1764160571206 2.078125 64
1764160584596 2.125 65
1764160597945 2.140625 66
1764160611335 1.890625 67
1764160624822 2.015625 68
1764160638252 2.0 69
1764160651742 1.8828125 70
1764160665127 1.78125 71
1764160678626 1.859375 72
1764160692075 1.6484375 73
1764160705441 1.75 74
1764160718835 1.7265625 75
1764160732304 1.59375 76
1764160745731 1.453125 77
1764160759139 1.4609375 78
1764160772593 1.640625 79
1764160786054 1.46875 80
1764160799460 1.421875 81
1764160812888 1.5234375 82
1764160826366 1.4296875 83
1764160839829 1.359375 84
1764160853274 1.3515625 85
1764160866710 1.484375 86
1764160880102 1.3046875 87
1764160893487 1.390625 88
1764160906891 1.4453125 89
1764160920322 1.2890625 90
1764160933790 1.234375 91
1764160947184 1.21875 92
1764160960649 1.1640625 93
1764160974037 1.2421875 94
1764160987499 1.3515625 95
1764161000956 1.2265625 96
1764161014397 1.21875 97
1764161027785 1.296875 98
1764161041228 1.3046875 99
1764161054690 1.109375 100
1764161068102 1.203125 101
1764161081587 1.09375 102
1764161095146 1.125 103
1764161108557 1.1484375 104
1764161121963 1.0859375 105
1764161135427 1.1171875 106
1764161148862 1.09375 107
1764161162396 1.03125 108
1764161175792 1.2578125 109
1764161189136 1.1328125 110
1764161202512 1.2265625 111
1764161215918 1.140625 112
1764161229358 1.1484375 113
1764161242726 1.046875 114
1764161256200 1.0234375 115
1764161269646 0.9453125 116
1764161283088 1.046875 117
1764161296539 1.0 118
1764161309942 1.09375 119
1764161323354 1.0390625 120
1764161336831 0.97265625 121
1764161350245 1.0625 122
1764161363743 0.96875 123
1764161377163 1.09375 124
1764161390553 1.03125 125
1764161404002 1.0 126
1764161417432 1.0 127
1764161430863 1.09375 128
1764161444370 0.9296875 129
1764161457806 0.96875 130
1764161471218 0.953125 131
1764161484657 1.0234375 132
1764161498087 0.98046875 133
1764161511478 0.9609375 134
1764161524903 0.9140625 135
1764161538310 0.9453125 136
1764161551764 1.0 137
1764161565146 0.9375 138
1764161578565 0.87890625 139
1764161592054 0.97265625 140
1764161605543 0.99609375 141
1764161618949 0.91015625 142
1764161632393 0.94921875 143
1764161645788 0.9296875 144
1764161659179 0.9140625 145
1764161672593 0.95703125 146
1764161686013 0.8515625 147
1764161699431 0.92578125 148
1764161712963 0.87109375 149
1764161726382 0.9140625 150
1764161739821 0.86328125 151
1764161753273 0.921875 152
1764161766696 0.96875 153
1764161780120 0.83984375 154
1764161793587 0.83984375 155
1764161807075 0.92578125 156
1764161820450 0.8671875 157
1764161833843 0.9296875 158
1764161847308 0.859375 159
1764161860763 0.8828125 160
1764161874164 0.94140625 161
1764161887570 0.82421875 162
1764161900978 0.91796875 163
1764161914386 0.84765625 164
1764161927878 0.86328125 165
1764161941352 0.87109375 166
1764161954846 0.84375 167
1764161968334 0.87890625 168
1764161981718 0.80859375 169
1764161995105 0.875 170
