1764159724091 0.1893491124260355 1
1764159737482 0.17391304347826086 2
1764159750950 0.15458937198067632 3
1764159764479 0.1797752808988764 4
1764159778003 0.18181818181818182 5
1764159791565 0.1927710843373494 6
1764159805110 0.1711229946524064 7
1764159818677 0.1839080459770115 8
1764159832198 0.18181818181818182 9
1764159845638 0.16753926701570682 10
1764159859260 0.19047619047619047 11
1764159872793 0.16666666666666666 12
1764159886270 0.19875776397515527 13
1764159899710 0.16326530612244897 14
1764159913267 0.2119205298013245 15
1764159926681 0.16580310880829016 16
1764159940108 0.1951219512195122 17
1764159953536 0.16080402010050251 18
1764159967036 0.17391304347826086 19
1764159980476 0.1839080459770115 20
1764159993923 0.21333333333333335 21
1764160007422 0.2064516129032258 22
1764160020851 0.19875776397515527 23
1764160034274 0.21768707482993196 24
1764160047694 0.2064516129032258 25
1764160061132 0.21333333333333335 26
1764160074540 0.2 27
1764160087942 0.19875776397515527 28
1764160101406 0.22695035460992907 29
1764160114887 0.2191780821917808 30
1764160128373 0.23880597014925373 31
1764160141782 0.22377622377622378 32
1764160155216 0.2570281124497992 33
1764160168621 0.26337448559670784 34
1764160182024 0.2782608695652174 35
1764160195452 0.27586206896551724 36
1764160208838 0.3137254901960784 37
1764160222327 0.3106796116504854 38
1764160235805 0.2962962962962963 39
1764160249199 0.32160804020100503 40
1764160262691 0.3368421052631579 41
1764160276139 0.32 42
1764160289505 0.3121951219512195 43
1764160302929 0.31527093596059114 44
1764160316313 0.3106796116504854 45
1764160329744 0.3422459893048128 46
1764160343197 0.3282051282051282 47
1764160356620 0.3516483516483517 48
1764160370024 0.3333333333333333 49
1764160383409 0.3742690058479532 50
1764160396864 0.35555555555555557 51
1764160410312 0.35359116022099446 52
1764160423723 0.34594594594594597 53
1764160437123 0.4 54
1764160450538 0.34408602150537637 55
1764160463983 0.37209302325581395 56
1764160477389 0.4025157232704403 57
1764160490797 0.39751552795031053 58
1764160504187 0.4 59
1764160517615 0.4155844155844156 60
1764160531037 0.4050632911392405 61
1764160544424 0.43537414965986393 62
1764160557819 0.4740740740740741 63
1764160571206 0.48120300751879697 64
1764160584596 0.47058823529411764 65
1764160597945 0.46715328467153283 66
1764160611335 0.5289256198347108 67
1764160624822 0.49612403100775193 68
1764160638252 0.5 69
1764160651742 0.5311203319502075 70
1764160665127 0.5614035087719298 71
1764160678626 0.5378151260504201 72
1764160692075 0.6066350710900474 73
1764160705441 0.5714285714285714 74
1764160718835 0.579185520361991 75
1764160732304 0.6274509803921569 76
1764160745731 0.6881720430107527 77
1764160759139 0.6844919786096256 78
1764160772593 0.6095238095238096 79
1764160786054 0.6808510638297872 80
1764160799460 0.7032967032967034 81
1764160812888 0.6564102564102564 82
1764160826366 0.6994535519125683 83
1764160839829 0.735632183908046 84
1764160853274 0.7398843930635838 85
1764160866710 0.6736842105263158 86
1764160880102 0.7664670658682635 87
1764160893487 0.7191011235955056 88
1764160906891 0.6918918918918919 89
1764160920322 0.7757575757575758 90
1764160933790 0.810126582278481 91
1764160947184 0.8205128205128205 92
1764160960649 0.8590604026845637 93
1764160974037 0.8050314465408805 94
1764160987499 0.7398843930635838 95
1764161000956 0.8152866242038217 96
1764161014397 0.8205128205128205 97
1764161027785 0.7710843373493976 98
1764161041228 0.7664670658682635 99
1764161054690 0.9014084507042254 100
1764161068102 0.8311688311688312 101
1764161081587 0.9142857142857143 102
1764161095146 0.8888888888888888 103
1764161108557 0.8707482993197279 104
1764161121963 0.920863309352518 105
1764161135427 0.8951048951048951 106
1764161148862 0.9142857142857143 107
1764161162396 0.9696969696969697 108
1764161175792 0.7950310559006211 109
1764161189136 0.8827586206896552 110
1764161202512 0.8152866242038217 111
1764161215918 0.8767123287671232 112
1764161229358 0.8707482993197279 113
1764161242726 0.9552238805970149 114
1764161256200 0.9770992366412213 115
1764161269646 1.0 116
1764161283088 0.9552238805970149 117
1764161296539 1.0 118
1764161309942 0.9142857142857143 119
1764161323354 0.9624060150375939 120
1764161336831 1.0 121
1764161350245 0.9411764705882353 122
1764161363743 1.0 123
1764161377163 0.9142857142857143 124
1764161390553 0.9696969696969697 125
1764161404002 1.0 126
1764161417432 1.0 127
1764161430863 0.9142857142857143 128
1764161444370 1.0 129
1764161457806 1.0 130
1764161471218 1.0 131
1764161484657 0.9770992366412213 132
1764161498087 1.0 133
1764161511478 1.0 134
1764161524903 1.0 135
1764161538310 1.0 136
1764161551764 1.0 137
1764161565146 1.0 138
1764161578565 1.0 139
1764161592054 1.0 140
1764161605543 1.0 141
1764161618949 1.0 142
1764161632393 1.0 143
1764161645788 1.0 144
1764161659179 1.0 145
1764161672593 1.0 146
1764161686013 1.0 147
1764161699431 1.0 148
1764161712963 1.0 149
1764161726382 1.0 150
1764161739821 1.0 151
1764161753273 1.0 152
1764161766696 1.0 153
1764161780120 1.0 154
1764161793587 1.0 155
1764161807075 1.0 156
1764161820450 1.0 157
1764161833843 1.0 158
1764161847308 1.0 159
1764161860763 1.0 160
1764161874164 1.0 161
1764161887570 1.0 162
1764161900978 1.0 163
1764161914386 1.0 164
1764161927878 1.0 165
1764161941352 1.0 166
1764161954846 1.0 167
1764161968334 1.0 168
1764161981718 1.0 169
1764161995105 1.0 170
