1764159724091 1.0 1
1764159737482 1.0 2
1764159750950 1.0 3
1764159764479 1.0 4
1764159778003 1.0 5
1764159791565 1.0 6
1764159805110 1.0 7
1764159818677 1.0 8
1764159832198 1.0 9
1764159845638 1.0 10
1764159859260 1.0 11
1764159872793 1.0 12
1764159886270 1.0 13
1764159899710 1.0 14
1764159913267 1.0 15
1764159926681 1.0 16
1764159940108 1.0 17
1764159953536 1.0 18
1764159967036 1.0 19
1764159980476 1.0 20
1764159993923 1.0 21
1764160007422 1.0 22
1764160020851 1.0 23
1764160034274 1.0 24
1764160047694 1.0 25
1764160061132 1.0 26
1764160074540 1.0 27
1764160087942 1.0 28
1764160101406 1.0 29
1764160114887 1.0 30
1764160128373 1.0 31
1764160141782 1.0 32
1764160155216 1.0 33
1764160168621 1.0 34
1764160182024 1.0 35
1764160195452 1.0 36
1764160208838 1.0 37
1764160222327 1.0 38
1764160235805 1.0 39
1764160249199 1.0 40
1764160262691 1.0 41
1764160276139 1.0 42
1764160289505 1.0 43
1764160302929 1.0 44
1764160316313 1.0 45
1764160329744 1.0 46
1764160343197 1.0 47
1764160356620 1.0 48
1764160370024 1.0 49
1764160383409 1.0 50
1764160396864 1.0 51
1764160410312 1.0 52
1764160423723 1.0 53
1764160437123 1.0 54
1764160450538 1.0 55
1764160463983 1.0 56
1764160477389 1.0 57
1764160490797 1.0 58
1764160504187 1.0 59
1764160517615 1.0 60
1764160531037 1.0 61
1764160544424 1.0 62
1764160557819 1.0 63
1764160571206 1.0 64
1764160584596 1.0 65
1764160597945 1.0 66
1764160611335 1.0 67
1764160624822 1.0 68
1764160638252 1.0 69
1764160651742 1.0 70
1764160665127 1.0 71
1764160678626 1.0 72
1764160692075 1.0 73
1764160705441 1.0 74
1764160718835 1.0 75
1764160732304 1.0 76
1764160745731 1.0 77
1764160759139 1.0 78
1764160772593 1.0 79
1764160786054 1.0 80
1764160799460 1.0 81
1764160812888 1.0 82
1764160826366 1.0 83
1764160839829 1.0 84
1764160853274 1.0 85
1764160866710 1.0 86
1764160880102 1.0 87
1764160893487 1.0 88
1764160906891 1.0 89
1764160920322 1.0 90
1764160933790 1.0 91
1764160947184 1.0 92
1764160960649 1.0 93
1764160974037 1.0 94
1764160987499 1.0 95
1764161000956 1.0 96
1764161014397 1.0 97
1764161027785 1.0 98
1764161041228 1.0 99
1764161054690 1.0 100
1764161068102 1.0 101
1764161081587 1.0 102
1764161095146 1.0 103
1764161108557 1.0 104
1764161121963 1.0 105
1764161135427 1.0 106
1764161148862 1.0 107
1764161162396 1.0 108
1764161175792 1.0 109
1764161189136 1.0 110
1764161202512 1.0 111
1764161215918 1.0 112
1764161229358 1.0 113
1764161242726 1.0 114
1764161256200 1.0 115
1764161269646 0.9453125 116
1764161283088 1.0 117
1764161296539 1.0 118
1764161309942 1.0 119
1764161323354 1.0 120
1764161336831 0.97265625 121
1764161350245 1.0 122
1764161363743 0.96875 123
1764161377163 1.0 124
1764161390553 1.0 125
1764161404002 1.0 126
1764161417432 1.0 127
1764161430863 1.0 128
1764161444370 0.9296875 129
1764161457806 0.96875 130
1764161471218 0.953125 131
1764161484657 1.0 132
1764161498087 0.98046875 133
1764161511478 0.9609375 134
1764161524903 0.9140625 135
1764161538310 0.9453125 136
1764161551764 1.0 137
1764161565146 0.9375 138
1764161578565 0.87890625 139
1764161592054 0.97265625 140
1764161605543 0.99609375 141
1764161618949 0.91015625 142
1764161632393 0.94921875 143
1764161645788 0.9296875 144
1764161659179 0.9140625 145
1764161672593 0.95703125 146
1764161686013 0.8515625 147
1764161699431 0.92578125 148
1764161712963 0.87109375 149
1764161726382 0.9140625 150
1764161739821 0.86328125 151
1764161753273 0.921875 152
1764161766696 0.96875 153
1764161780120 0.83984375 154
1764161793587 0.83984375 155
1764161807075 0.92578125 156
1764161820450 0.8671875 157
1764161833843 0.9296875 158
1764161847308 0.859375 159
1764161860763 0.8828125 160
1764161874164 0.94140625 161
1764161887570 0.82421875 162
1764161900978 0.91796875 163
1764161914386 0.84765625 164
1764161927878 0.86328125 165
1764161941352 0.87109375 166
1764161954846 0.84375 167
1764161968334 0.87890625 168
1764161981718 0.80859375 169
1764161995105 0.875 170
