1764159724091 6.410266346153846e-08 1
1764159737482 1.2820522692307692e-07 2
1764159750950 1.9230779038461538e-07 3
1764159764479 2.5641035384615385e-07 4
1764159778003 3.205129173076923e-07 5
1764159791565 3.846154807692307e-07 6
1764159805110 4.487180442307692e-07 7
1764159818677 5.128206076923076e-07 8
1764159832198 5.769231711538461e-07 9
1764159845638 6.410257346153845e-07 10
1764159859260 7.051282980769231e-07 11
1764159872793 7.692308615384616e-07 12
1764159886270 8.33333425e-07 13
1764159899710 8.974359884615385e-07 14
1764159913267 9.615385519230768e-07 15
1764159926681 1.0256411153846154e-06 16
1764159940108 1.0897436788461537e-06 17
1764159953536 1.1538462423076922e-06 18
1764159967036 1.2179488057692306e-06 19
1764159980476 1.282051369230769e-06 20
1764159993923 1.3461539326923072e-06 21
1764160007422 1.4102564961538456e-06 22
1764160020851 1.474359059615384e-06 23
1764160034274 1.5384616230769224e-06 24
1764160047694 1.6025641865384608e-06 25
1764160061132 1.6666667499999993e-06 26
1764160074540 1.7307693134615379e-06 27
1764160087942 1.7948718769230762e-06 28
1764160101406 1.8589744403846147e-06 29
1764160114887 1.923077003846153e-06 30
1764160128373 1.9871795673076914e-06 31
1764160141782 2.0512821307692295e-06 32
1764160155216 2.115384694230768e-06 33
1764160168621 2.1794872576923066e-06 34
1764160182024 2.243589821153845e-06 35
1764160195452 2.3076923846153833e-06 36
1764160208838 2.371794948076922e-06 37
1764160222327 2.4358975115384603e-06 38
1764160235805 2.500000074999999e-06 39
1764160249199 2.5641026384615374e-06 40
1764160262691 2.628205201923076e-06 41
1764160276139 2.6923077653846145e-06 42
1764160289505 2.7564103288461526e-06 43
1764160302929 2.820512892307691e-06 44
1764160316313 2.8846154557692297e-06 45
1764160329744 2.9487180192307683e-06 46
1764160343197 3.0128205826923072e-06 47
1764160356620 3.0769231461538458e-06 48
1764160370024 3.1410257096153843e-06 49
1764160383409 3.2051282730769224e-06 50
1764160396864 3.269230836538461e-06 51
1764160410312 3.333333399999999e-06 52
1764160423723 3.3974359634615376e-06 53
1764160437123 3.461538526923076e-06 54
1764160450538 3.525641090384615e-06 55
1764160463983 3.5897436538461537e-06 56
1764160477389 3.653846217307692e-06 57
1764160490797 3.7179487807692308e-06 58
1764160504187 3.7820513442307693e-06 59
1764160517615 3.8461539076923074e-06 60
1764160531037 3.9102564711538456e-06 61
1764160544424 3.974359034615384e-06 62
1764160557819 4.038461598076923e-06 63
1764160571206 4.102564161538461e-06 64
1764160584596 4.166666725e-06 65
1764160597945 4.230769288461539e-06 66
1764160611335 4.294871851923078e-06 67
1764160624822 4.358974415384616e-06 68
1764160638252 4.423076978846155e-06 69
1764160651742 4.487179542307693e-06 70
1764160665127 4.551282105769231e-06 71
1764160678626 4.615384669230769e-06 72
1764160692075 4.679487232692307e-06 73
1764160705441 4.743589796153846e-06 74
1764160718835 4.807692359615385e-06 75
1764160732304 4.871794923076923e-06 76
1764160745731 4.935897486538461e-06 77
1764160759139 5.00000005e-06 78
1764160772593 5.0641026134615385e-06 79
1764160786054 5.128205176923077e-06 80
1764160799460 5.192307740384616e-06 81
1764160812888 5.256410303846154e-06 82
1764160826366 5.320512867307692e-06 83
1764160839829 5.38461543076923e-06 84
1764160853274 5.448717994230768e-06 85
1764160866710 5.512820557692307e-06 86
1764160880102 5.576923121153845e-06 87
1764160893487 5.641025684615383e-06 88
1764160906891 5.705128248076921e-06 89
1764160920322 5.7692308115384595e-06 90
1764160933790 5.833333374999998e-06 91
1764160947184 5.897435938461536e-06 92
1764160960649 5.961538501923074e-06 93
1764160974037 6.025641065384612e-06 94
1764160987499 6.08974362884615e-06 95
1764161000956 6.153846192307688e-06 96
1764161014397 6.217948755769227e-06 97
1764161027785 6.282051319230765e-06 98
1764161041228 6.3461538826923034e-06 99
1764161054690 6.4102564461538416e-06 100
1764161068102 6.47435900961538e-06 101
1764161081587 6.538461573076919e-06 102
1764161095146 6.602564136538457e-06 103
1764161108557 6.666666699999995e-06 104
1764161121963 6.730769263461534e-06 105
1764161135427 6.794871826923072e-06 106
1764161148862 6.85897439038461e-06 107
1764161162396 6.923076953846148e-06 108
1764161175792 6.987179517307687e-06 109
1764161189136 7.051282080769225e-06 110
1764161202512 7.115384644230764e-06 111
1764161215918 7.179487207692303e-06 112
1764161229358 7.243589771153841e-06 113
1764161242726 7.3076923346153795e-06 114
1764161256200 7.3717948980769184e-06 115
1764161269646 7.435897461538457e-06 116
1764161283088 7.500000024999996e-06 117
1764161296539 7.5641025884615345e-06 118
1764161309942 7.628205151923073e-06 119
1764161323354 7.692307715384612e-06 120
1764161336831 7.75641027884615e-06 121
1764161350245 7.820512842307688e-06 122
1764161363743 7.884615405769226e-06 123
1764161377163 7.948717969230766e-06 124
1764161390553 8.012820532692304e-06 125
1764161404002 8.076923096153844e-06 126
1764161417432 8.141025659615383e-06 127
1764161430863 8.205128223076922e-06 128
1764161444370 8.26923078653846e-06 129
1764161457806 8.333333349999998e-06 130
1764161471218 8.397435913461536e-06 131
1764161484657 8.461538476923074e-06 132
1764161498087 8.525641040384612e-06 133
1764161511478 8.58974360384615e-06 134
1764161524903 8.653846167307688e-06 135
1764161538310 8.717948730769227e-06 136
1764161551764 8.782051294230765e-06 137
1764161565146 8.846153857692303e-06 138
1764161578565 8.910256421153841e-06 139
1764161592054 8.974358984615379e-06 140
1764161605543 9.038461548076917e-06 141
1764161618949 9.102564111538455e-06 142
1764161632393 9.166666674999993e-06 143
1764161645788 9.230769238461532e-06 144
1764161659179 9.294871801923071e-06 145
1764161672593 9.358974365384611e-06 146
1764161686013 9.42307692884615e-06 147
1764161699431 9.487179492307687e-06 148
1764161712963 9.551282055769226e-06 149
1764161726382 9.615384619230765e-06 150
1764161739821 9.679487182692305e-06 151
1764161753273 9.743589746153843e-06 152
1764161766696 9.807692309615383e-06 153
1764161780120 9.871794873076923e-06 154
1764161793587 9.935897436538461e-06 155
1764161807075 1e-05 156
1764161820450 9.999993759219092e-06 157
1764161833843 9.999975036907523e-06 158
1764161847308 9.99994383315877e-06 159
1764161860763 9.999900148128616e-06 160
1764161874164 9.999843982035169e-06 161
1764161887570 9.999775335158844e-06 162
1764161900978 9.999694207842368e-06 163
1764161914386 9.99960060049078e-06 164
1764161927878 9.99949451357143e-06 165
1764161941352 9.999375947613962e-06 166
1764161954846 9.999244903210338e-06 167
1764161968334 9.999101381014812e-06 168
1764161981718 9.998945381743934e-06 169
1764161995105 9.998776906176553e-06 170
