1764159724091 1.2807584404945374 1
1764159737482 1.3409382700920105 2
1764159750950 1.2689937055110931 3
1764159764479 1.4472776651382446 4
1764159778003 1.2893487811088562 5
1764159791565 1.2802812159061432 6
1764159805110 1.323087602853775 7
1764159818677 1.3626640439033508 8
1764159832198 1.2659392952919006 9
1764159845638 1.2943523228168488 10
1764159859260 1.2577524781227112 11
1764159872793 1.433837741613388 12
1764159886270 1.4155661761760712 13
1764159899710 1.3837465941905975 14
1764159913267 1.2370083928108215 15
1764159926681 1.2481429874897003 16
1764159940108 1.2112990021705627 17
1764159953536 1.3236626088619232 18
1764159967036 1.2557199895381927 19
1764159980476 1.2252933979034424 20
1764159993923 1.207946926355362 21
1764160007422 1.358219176530838 22
1764160020851 1.2646942734718323 23
1764160034274 1.2493706345558167 24
1764160047694 1.352702260017395 25
1764160061132 1.3284726738929749 26
1764160074540 1.2785085439682007 27
1764160087942 1.3184283375740051 28
1764160101406 1.2883686423301697 29
1764160114887 1.261494129896164 30
1764160128373 1.319040596485138 31
1764160141782 1.2892212569713593 32
1764160155216 1.2535624504089355 33
1764160168621 1.3382519632577896 34
1764160182024 1.2472133338451385 35
1764160195452 1.29992213845253 36
1764160208838 1.1783506870269775 37
1764160222327 1.2498428523540497 38
1764160235805 1.2499248683452606 39
1764160249199 1.1870954930782318 40
1764160262691 1.1930671334266663 41
1764160276139 1.26750048995018 42
1764160289505 1.229325771331787 43
1764160302929 1.2598978579044342 44
1764160316313 1.2713103294372559 45
1764160329744 1.0784439444541931 46
1764160343197 1.205556333065033 47
1764160356620 1.332432597875595 48
1764160370024 1.1666035950183868 49
1764160383409 1.12447389960289 50
1764160396864 1.0538188815116882 51
1764160410312 1.2026187777519226 52
1764160423723 1.1598257720470428 53
1764160437123 1.1835928559303284 54
1764160450538 1.1829794943332672 55
1764160463983 1.0623973608016968 56
1764160477389 1.0558866560459137 57
1764160490797 1.1241003274917603 58
1764160504187 1.0409752130508423 59
1764160517615 1.0312906503677368 60
1764160531037 1.129520207643509 61
1764160544424 1.1286955177783966 62
1764160557819 1.0659570395946503 63
1764160571206 1.0238532274961472 64
1764160584596 1.0160176753997803 65
1764160597945 1.064611703157425 66
1764160611335 1.0004276186227798 67
1764160624822 0.9789855629205704 68
1764160638252 1.0800174921751022 69
1764160651742 1.1095559895038605 70
1764160665127 0.8966687321662903 71
1764160678626 1.0316147804260254 72
1764160692075 1.082551509141922 73
1764160705441 0.9545065015554428 74
1764160718835 1.0054736286401749 75
1764160732304 0.9865757972002029 76
1764160745731 0.9197873622179031 77
1764160759139 0.8965965360403061 78
1764160772593 0.9458567500114441 79
1764160786054 0.9650829136371613 80
1764160799460 0.9477127343416214 81
1764160812888 0.9328515827655792 82
1764160826366 0.8867859691381454 83
1764160839829 0.8821521103382111 84
1764160853274 0.8647931218147278 85
1764160866710 1.019853636622429 86
1764160880102 0.952607125043869 87
1764160893487 0.8727482259273529 88
1764160906891 0.9576950371265411 89
1764160920322 0.8874099105596542 90
1764160933790 0.8914246708154678 91
1764160947184 0.8294514268636703 92
1764160960649 0.863733559846878 93
1764160974037 0.8273108005523682 94
1764160987499 0.9329945892095566 95
1764161000956 0.7843364477157593 96
1764161014397 0.8596910685300827 97
1764161027785 0.8524640202522278 98
1764161041228 0.924978956580162 99
1764161054690 0.7863620966672897 100
1764161068102 0.830541804432869 101
1764161081587 0.8303089588880539 102
1764161095146 0.8552266061306 103
1764161108557 0.863311156630516 104
1764161121963 0.7668106704950333 105
1764161135427 0.8444120287895203 106
1764161148862 0.701970636844635 107
1764161162396 0.8077993541955948 108
1764161175792 0.8480889946222305 109
1764161189136 0.7811962217092514 110
1764161202512 0.7980071604251862 111
1764161215918 0.7628676891326904 112
1764161229358 0.764760434627533 113
1764161242726 0.7731836140155792 114
1764161256200 0.7451426237821579 115
1764161269646 0.7963103353977203 116
1764161283088 0.6894621104001999 117
1764161296539 0.7962350249290466 118
1764161309942 0.8034275472164154 119
1764161323354 0.726312980055809 120
1764161336831 0.6940866857767105 121
1764161350245 0.7112158834934235 122
1764161363743 0.7235288918018341 123
1764161377163 0.7168462425470352 124
1764161390553 0.7264325767755508 125
1764161404002 0.778086468577385 126
1764161417432 0.7502596527338028 127
1764161430863 0.6714234501123428 128
1764161444370 0.6947543621063232 129
1764161457806 0.7508333027362823 130
1764161471218 0.7107390463352203 131
1764161484657 0.7212505787611008 132
1764161498087 0.6660696268081665 133
1764161511478 0.6970159113407135 134
1764161524903 0.6906376779079437 135
1764161538310 0.6884108632802963 136
1764161551764 0.7130255401134491 137
1764161565146 0.7281275242567062 138
1764161578565 0.6803984493017197 139
1764161592054 0.6225974708795547 140
1764161605543 0.6859806180000305 141
1764161618949 0.5793496817350388 142
1764161632393 0.6788334101438522 143
1764161645788 0.6783905476331711 144
1764161659179 0.6207942813634872 145
1764161672593 0.6018489599227905 146
1764161686013 0.593944787979126 147
1764161699431 0.6077654361724854 148
1764161712963 0.7626281231641769 149
1764161726382 0.6703840494155884 150
1764161739821 0.602092906832695 151
1764161753273 0.6473559588193893 152
1764161766696 0.6963515281677246 153
1764161780120 0.6463289111852646 154
1764161793587 0.5972946584224701 155
1764161807075 0.64269158244133 156
1764161820450 0.6326794326305389 157
1764161833843 0.6063577085733414 158
1764161847308 0.604017049074173 159
1764161860763 0.6655510067939758 160
1764161874164 0.6486924439668655 161
1764161887570 0.5759736970067024 162
1764161900978 0.7014330625534058 163
1764161914386 0.5737363696098328 164
1764161927878 0.5635268688201904 165
1764161941352 0.6373506486415863 166
1764161954846 0.5888814181089401 167
1764161968334 0.5817168653011322 168
1764161981718 0.5876219868659973 169
1764161995105 0.6773389279842377 170
