1764159724091 1.175306499004364 1
1764159737482 1.2312016487121582 2
1764159750950 1.1472258567810059 3
1764159764479 1.3218090534210205 4
1764159778003 1.1805382668972015 5
1764159791565 1.181035727262497 6
1764159805110 1.2143203616142273 7
1764159818677 1.275592029094696 8
1764159832198 1.1543079912662506 9
1764159845638 1.1956910490989685 10
1764159859260 1.178588479757309 11
1764159872793 1.3191441297531128 12
1764159886270 1.2807822525501251 13
1764159899710 1.2972151637077332 14
1764159913267 1.1343147158622742 15
1764159926681 1.1217324137687683 16
1764159940108 1.1161620914936066 17
1764159953536 1.2364155054092407 18
1764159967036 1.1624624729156494 19
1764159980476 1.1262624263763428 20
1764159993923 1.1095520853996277 21
1764160007422 1.245643973350525 22
1764160020851 1.1967946290969849 23
1764160034274 1.1420497298240662 24
1764160047694 1.2741840183734894 25
1764160061132 1.2436423897743225 26
1764160074540 1.1798794865608215 27
1764160087942 1.240660548210144 28
1764160101406 1.2131427228450775 29
1764160114887 1.1986821293830872 30
1764160128373 1.2530623972415924 31
1764160141782 1.2015783190727234 32
1764160155216 1.1946696639060974 33
1764160168621 1.2885170876979828 34
1764160182024 1.1877452433109283 35
1764160195452 1.2250261902809143 36
1764160208838 1.1418589651584625 37
1764160222327 1.2259168326854706 38
1764160235805 1.1976519525051117 39
1764160249199 1.1541439592838287 40
1764160262691 1.1797392070293427 41
1764160276139 1.2463664710521698 42
1764160289505 1.2110984325408936 43
1764160302929 1.2326875925064087 44
1764160316313 1.269946962594986 45
1764160329744 1.0825085043907166 46
1764160343197 1.2037093341350555 47
1764160356620 1.336011916399002 48
1764160370024 1.1896879076957703 49
1764160383409 1.138829067349434 50
1764160396864 1.0858677178621292 51
1764160410312 1.2277745604515076 52
1764160423723 1.199703186750412 53
1764160437123 1.2397240698337555 54
1764160450538 1.2468610107898712 55
1764160463983 1.1296300292015076 56
1764160477389 1.1187440305948257 57
1764160490797 1.190323382616043 58
1764160504187 1.1234841048717499 59
1764160517615 1.1157351583242416 60
1764160531037 1.239139437675476 61
1764160544424 1.2476538121700287 62
1764160557819 1.1675203740596771 63
1764160571206 1.1323566138744354 64
1764160584596 1.1427362561225891 65
1764160597945 1.1964732110500336 66
1764160611335 1.1418198943138123 67
1764160624822 1.0908626317977905 68
1764160638252 1.240465760231018 69
1764160651742 1.278010904788971 70
1764160665127 1.067135602235794 71
1764160678626 1.216524451971054 72
1764160692075 1.2500660419464111 73
1764160705441 1.1302429735660553 74
1764160718835 1.1831333935260773 75
1764160732304 1.1756032705307007 76
1764160745731 1.1060830801725388 77
1764160759139 1.0906360149383545 78
1764160772593 1.1498228907585144 79
1764160786054 1.181597888469696 80
1764160799460 1.1540018618106842 81
1764160812888 1.1420705169439316 82
1764160826366 1.1039302945137024 83
1764160839829 1.1057773679494858 84
1764160853274 1.0772596299648285 85
1764160866710 1.2648335993289948 86
1764160880102 1.2001135647296906 87
1764160893487 1.1167012006044388 88
1764160906891 1.2290709614753723 89
1764160920322 1.150178849697113 90
1764160933790 1.156315416097641 91
1764160947184 1.0843125134706497 92
1764160960649 1.141318678855896 93
1764160974037 1.0955582559108734 94
1764160987499 1.2487555742263794 95
1764161000956 1.0724964886903763 96
1764161014397 1.1488643437623978 97
1764161027785 1.164544254541397 98
1764161041228 1.2460368275642395 99
1764161054690 1.0746371150016785 100
1764161068102 1.1195548921823502 101
1764161081587 1.1213770806789398 102
1764161095146 1.1854021847248077 103
1764161108557 1.212022989988327 104
1764161121963 1.1047967374324799 105
1764161135427 1.2073974311351776 106
1764161148862 1.0290919244289398 107
1764161162396 1.1550260782241821 108
1764161175792 1.2316226065158844 109
1764161189136 1.138014018535614 110
1764161202512 1.176087886095047 111
1764161215918 1.1413524448871613 112
1764161229358 1.1335509717464447 113
1764161242726 1.1523921489715576 114
1764161256200 1.11614391207695 115
1764161269646 1.1804615259170532 116
1764161283088 1.0531356632709503 117
1764161296539 1.1908587217330933 118
1764161309942 1.2394156754016876 119
1764161323354 1.1314945220947266 120
1764161336831 1.0917570292949677 121
1764161350245 1.1169878542423248 122
1764161363743 1.1263065040111542 123
1764161377163 1.1330658495426178 124
1764161390553 1.1254152357578278 125
1764161404002 1.2207550406455994 126
1764161417432 1.1859314441680908 127
1764161430863 1.0658781230449677 128
1764161444370 1.1140565872192383 129
1764161457806 1.1965774297714233 130
1764161471218 1.168015956878662 131
1764161484657 1.1770820617675781 132
1764161498087 1.1174863278865814 133
1764161511478 1.1530379951000214 134
1764161524903 1.1524540781974792 135
1764161538310 1.1424498558044434 136
1764161551764 1.1640746593475342 137
1764161565146 1.1710574328899384 138
1764161578565 1.1419012248516083 139
1764161592054 1.10933119058609 140
1764161605543 1.161885917186737 141
1764161618949 0.9956364333629608 142
1764161632393 1.1458458304405212 143
1764161645788 1.190677136182785 144
1764161659179 1.0996200740337372 145
1764161672593 1.0581988096237183 146
1764161686013 1.0449870079755783 147
1764161699431 1.11139577627182 148
1764161712963 1.306415319442749 149
1764161726382 1.1858960688114166 150
1764161739821 1.1056946367025375 151
1764161753273 1.1849240958690643 152
1764161766696 1.2461272478103638 153
1764161780120 1.1588820815086365 154
1764161793587 1.1361161470413208 155
1764161807075 1.2086310386657715 156
1764161820450 1.1311642229557037 157
1764161833843 1.1457925736904144 158
1764161847308 1.1425373256206512 159
1764161860763 1.2445684969425201 160
1764161874164 1.173499196767807 161
1764161887570 1.1266314089298248 162
1764161900978 1.328476995229721 163
1764161914386 1.1181616634130478 164
1764161927878 1.0680230557918549 165
1764161941352 1.222015231847763 166
1764161954846 1.1498436033725739 167
1764161968334 1.1229072511196136 168
1764161981718 1.1415404975414276 169
1764161995105 1.279815822839737 170
