1764159724091 0.56494140625 1
1764159737482 0.681640625 2
1764159750950 0.587890625 3
1764159764479 0.587890625 4
1764159778003 0.6171875 5
1764159791565 0.6162109375 6
1764159805110 0.65234375 7
1764159818677 0.56689453125 8
1764159832198 0.55419921875 9
1764159845638 0.6220703125 10
1764159859260 0.48291015625 11
1764159872793 0.5615234375 12
1764159886270 0.67724609375 13
1764159899710 0.51953125 14
1764159913267 0.56640625 15
1764159926681 0.634765625 16
1764159940108 0.54052734375 17
1764159953536 0.58056640625 18
1764159967036 0.46435546875 19
1764159980476 0.55908203125 20
1764159993923 0.58740234375 21
1764160007422 0.7568359375 22
1764160020851 0.5634765625 23
1764160034274 0.623046875 24
1764160047694 0.5966796875 25
1764160061132 0.50244140625 26
1764160074540 0.59228515625 27
1764160087942 0.5302734375 28
1764160101406 0.5087890625 29
1764160114887 0.642578125 30
1764160128373 0.521484375 31
1764160141782 0.56201171875 32
1764160155216 0.60986328125 33
1764160168621 0.55322265625 34
1764160182024 0.53369140625 35
1764160195452 0.61328125 36
1764160208838 0.6416015625 37
1764160222327 0.54296875 38
1764160235805 0.59765625 39
1764160249199 0.50341796875 40
1764160262691 0.6123046875 41
1764160276139 0.51025390625 42
1764160289505 0.533203125 43
1764160302929 0.541015625 44
1764160316313 0.4619140625 45
1764160329744 0.55810546875 46
1764160343197 0.58251953125 47
1764160356620 0.560546875 48
1764160370024 0.51953125 49
1764160383409 0.5439453125 50
1764160396864 0.49658203125 51
1764160410312 0.568359375 52
1764160423723 0.60546875 53
1764160437123 0.548828125 54
1764160450538 0.49365234375 55
1764160463983 0.54638671875 56
1764160477389 0.607421875 57
1764160490797 0.49072265625 58
1764160504187 0.5947265625 59
1764160517615 0.53564453125 60
1764160531037 0.5732421875 61
1764160544424 0.61767578125 62
1764160557819 0.548828125 63
1764160571206 0.6279296875 64
1764160584596 0.560546875 65
1764160597945 0.5546875 66
1764160611335 0.5859375 67
1764160624822 0.5849609375 68
1764160638252 0.5654296875 69
1764160651742 0.55126953125 70
1764160665127 0.47314453125 71
1764160678626 0.5625 72
1764160692075 0.5654296875 73
1764160705441 0.52783203125 74
1764160718835 0.58251953125 75
1764160732304 0.5751953125 76
1764160745731 0.546875 77
1764160759139 0.54296875 78
1764160772593 0.603515625 79
1764160786054 0.5390625 80
1764160799460 0.6142578125 81
1764160812888 0.60009765625 82
1764160826366 0.58984375 83
1764160839829 0.5869140625 84
1764160853274 0.634765625 85
1764160866710 0.619140625 86
1764160880102 0.62890625 87
1764160893487 0.59765625 88
1764160906891 0.560546875 89
1764160920322 0.56640625 90
1764160933790 0.58154296875 91
1764160947184 0.587890625 92
1764160960649 0.59033203125 93
1764160974037 0.54638671875 94
1764160987499 0.6083984375 95
1764161000956 0.47412109375 96
1764161014397 0.59130859375 97
1764161027785 0.6689453125 98
1764161041228 0.708984375 99
1764161054690 0.599609375 100
1764161068102 0.56298828125 101
1764161081587 0.61767578125 102
1764161095146 0.63671875 103
1764161108557 0.69921875 104
1764161121963 0.48974609375 105
1764161135427 0.611328125 106
1764161148862 0.53369140625 107
1764161162396 0.5693359375 108
1764161175792 0.59765625 109
1764161189136 0.55224609375 110
1764161202512 0.6357421875 111
1764161215918 0.60107421875 112
1764161229358 0.6884765625 113
1764161242726 0.619140625 114
1764161256200 0.50732421875 115
1764161269646 0.59765625 116
1764161283088 0.53076171875 117
1764161296539 0.5625 118
1764161309942 0.60205078125 119
1764161323354 0.6328125 120
1764161336831 0.64013671875 121
1764161350245 0.70703125 122
1764161363743 0.638671875 123
1764161377163 0.55859375 124
1764161390553 0.6572265625 125
1764161404002 0.5615234375 126
1764161417432 0.58837890625 127
1764161430863 0.63623046875 128
1764161444370 0.544921875 129
1764161457806 0.6240234375 130
1764161471218 0.5439453125 131
1764161484657 0.595703125 132
1764161498087 0.564453125 133
1764161511478 0.56787109375 134
1764161524903 0.583984375 135
1764161538310 0.56640625 136
1764161551764 0.716796875 137
1764161565146 0.791015625 138
1764161578565 0.54833984375 139
1764161592054 0.568359375 140
1764161605543 0.619140625 141
1764161618949 0.6220703125 142
1764161632393 0.60595703125 143
1764161645788 0.6630859375 144
1764161659179 0.5869140625 145
1764161672593 0.61376953125 146
1764161686013 0.6689453125 147
1764161699431 0.58251953125 148
1764161712963 0.62353515625 149
1764161726382 0.6259765625 150
1764161739821 0.607421875 151
1764161753273 0.5341796875 152
1764161766696 0.5322265625 153
1764161780120 0.6728515625 154
1764161793587 0.5146484375 155
1764161807075 0.48583984375 156
1764161820450 0.65380859375 157
1764161833843 0.533203125 158
1764161847308 0.6005859375 159
1764161860763 0.6728515625 160
1764161874164 0.6650390625 161
1764161887570 0.52392578125 162
1764161900978 0.53466796875 163
1764161914386 0.6435546875 164
1764161927878 0.57421875 165
1764161941352 0.6767578125 166
1764161954846 0.63671875 167
1764161968334 0.53564453125 168
1764161981718 0.56982421875 169
1764161995105 0.5595703125 170
