1764159724091 1.2243009209632874 1
1764159737482 1.2727620005607605 2
1764159750950 1.2100947797298431 3
1764159764479 1.3885618448257446 4
1764159778003 1.2276422381401062 5
1764159791565 1.2185746729373932 6
1764159805110 1.257902055978775 7
1764159818677 1.3060234189033508 8
1764159832198 1.2105193734169006 9
1764159845638 1.2321574985980988 10
1764159859260 1.2094736695289612 11
1764159872793 1.377685397863388 12
1764159886270 1.3478781878948212 13
1764159899710 1.3318056762218475 14
1764159913267 1.1803677678108215 15
1764159926681 1.1846664249897003 16
1764159940108 1.1572218537330627 17
1764159953536 1.2655571401119232 18
1764159967036 1.2092722356319427 19
1764159980476 1.1693851947784424 20
1764159993923 1.149231106042862 21
1764160007422 1.282657653093338 22
1764160020851 1.2082977890968323 23
1764160034274 1.1869927048683167 24
1764160047694 1.293009877204895 25
1764160061132 1.2783017754554749 26
1764160074540 1.2192434072494507 27
1764160087942 1.2653277516365051 28
1764160101406 1.2375263571739197 29
1764160114887 1.197163075208664 30
1764160128373 1.266916573047638 31
1764160141782 1.2330078780651093 32
1764160155216 1.1926493644714355 33
1764160168621 1.2828930765390396 34
1764160182024 1.1938686072826385 35
1764160195452 1.23864284157753 36
1764160208838 1.1142027378082275 37
1764160222327 1.1955215632915497 38
1764160235805 1.1901714503765106 39
1764160249199 1.1367414891719818 40
1764160262691 1.1319099068641663 41
1764160276139 1.21647509932518 42
1764160289505 1.176042079925537 43
1764160302929 1.2057596743106842 44
1764160316313 1.2251677513122559 45
1764160329744 1.0225967764854431 46
1764160343197 1.147328794002533 47
1764160356620 1.276341289281845 48
1764160370024 1.1146016418933868 49
1764160383409 1.07009157538414 50
1764160396864 1.0041972994804382 51
1764160410312 1.1457339972257614 52
1764160423723 1.0992788970470428 53
1764160437123 1.1287222504615784 54
1764160450538 1.1335410177707672 55
1764160463983 1.0077098608016968 56
1764160477389 0.9950956255197525 57
1764160490797 1.0750280618667603 58
1764160504187 0.9815269708633423 59
1764160517615 0.9777017831802368 60
1764160531037 1.072147160768509 61
1764160544424 1.0669279247522354 62
1764160557819 1.0110254138708115 63
1764160571206 0.9611090868711472 64
1764160584596 0.9599874168634415 65
1764160597945 1.009130746126175 66
1764160611335 0.9417728334665298 67
1764160624822 0.9205749034881592 68
1764160638252 1.023437887430191 69
1764160651742 1.0545022785663605 70
1764160665127 0.8493664860725403 71
1764160678626 0.9753403663635254 72
1764160692075 1.0260329395532608 73
1764160705441 0.901772141456604 74
1764160718835 0.9471850544214249 75
1764160732304 0.9290196448564529 76
1764160745731 0.8650388270616531 77
1764160759139 0.8422752469778061 78
1764160772593 0.8855540156364441 79
1764160786054 0.9111278355121613 80
1764160799460 0.8863113671541214 81
1764160812888 0.8727929890155792 82
1764160826366 0.8277649730443954 83
1764160839829 0.8234362751245499 84
1764160853274 0.8013775944709778 85
1764160866710 0.9579029530286789 86
1764160880102 0.889740914106369 87
1764160893487 0.8129337728023529 88
1764160906891 0.9016037285327911 89
1764160920322 0.8307692855596542 90
1764160933790 0.8332581669092178 91
1764160947184 0.7706135362386703 92
1764160960649 0.804773598909378 93
1764160974037 0.7726233005523682 94
1764160987499 0.8721425384283066 95
1764161000956 0.7369731664657593 96
1764161014397 0.8006090372800827 97
1764161027785 0.7855694890022278 98
1764161041228 0.854056105017662 99
1764161054690 0.7263645380735397 100
1764161068102 0.774206355214119 101
1764161081587 0.7686024159193039 102
1764161095146 0.79156693816185 103
1764161108557 0.793364867568016 104
1764161121963 0.7178604751825333 105
1764161135427 0.7833768725395203 106
1764161148862 0.648625910282135 107
1764161162396 0.7509145885705948 108
1764161175792 0.7882135063409805 109
1764161189136 0.7260204404592514 110
1764161202512 0.7344695627689362 111
1764161215918 0.7026870250701904 112
1764161229358 0.695912778377533 113
1764161242726 0.7112939655780792 114
1764161256200 0.6943613737821579 115
1764161269646 0.7365569174289703 116
1764161283088 0.6364225596189499 117
1764161296539 0.7400216460227966 118
1764161309942 0.7432468831539154 119
1764161323354 0.662958487868309 120
1764161336831 0.6301218420267105 121
1764161350245 0.6405371725559235 122
1764161363743 0.6596861183643341 123
1764161377163 0.6608770042657852 124
1764161390553 0.6606977134943008 125
1764161404002 0.72190360724926 126
1764161417432 0.6914217621088028 127
1764161430863 0.6077027469873428 128
1764161444370 0.6402499675750732 129
1764161457806 0.6884553730487823 130
1764161471218 0.6564177572727203 131
1764161484657 0.6616192311048508 132
1764161498087 0.6096731424331665 133
1764161511478 0.6402532160282135 134
1764161524903 0.6322270333766937 135
1764161538310 0.6318312734365463 136
1764161551764 0.6413702666759491 137
1764161565146 0.6490259617567062 138
1764161578565 0.6256499141454697 139
1764161592054 0.5657127052545547 140
1764161605543 0.6240299344062805 141
1764161618949 0.5170938298106194 142
1764161632393 0.6182254999876022 143
1764161645788 0.6121063679456711 144
1764161659179 0.5621394962072372 145
1764161672593 0.5403865575790405 146
1764161686013 0.526989221572876 147
1764161699431 0.5495989322662354 148
1764161712963 0.7003112286329269 149
1764161726382 0.6078230142593384 150
1764161739821 0.541362926363945 151
1764161753273 0.5938891619443893 152
1764161766696 0.6430678367614746 153
1764161780120 0.5790071338415146 154
1764161793587 0.5458420217037201 155
1764161807075 0.59410759806633 156
1764161820450 0.5673107802867889 157
1764161833843 0.5530740097165108 158
1764161847308 0.5439584627747536 159
1764161860763 0.5982292219996452 160
1764161874164 0.5821641236543655 161
1764161887570 0.5235444903373718 162
1764161900978 0.6480273008346558 163
1764161914386 0.5093442797660828 164
1764161927878 0.5060317441821098 165
1764161941352 0.5696626603603363 166
1764161954846 0.5252827852964401 167
1764161968334 0.5281890332698822 168
1764161981718 0.5306761860847473 169
1764161995105 0.6213086545467377 170
