1764159724091 21.4375 1
1764159737482 20.84375 2
1764159750950 23.203125 3
1764159764479 23.5625 4
1764159778003 20.28125 5
1764159791565 20.96875 6
1764159805110 18.3125 7
1764159818677 19.90625 8
1764159832198 20.953125 9
1764159845638 22.96875 10
1764159859260 19.5625 11
1764159872793 18.375 12
1764159886270 20.375 13
1764159899710 18.6875 14
1764159913267 25.15625 15
1764159926681 18.15625 16
1764159940108 20.875 17
1764159953536 19.125 18
1764159967036 20.09375 19
1764159980476 19.6875 20
1764159993923 19.46875 21
1764160007422 23.34375 22
1764160020851 19.4375 23
1764160034274 25.0625 24
1764160047694 22.75 25
1764160061132 21.71875 26
1764160074540 24.15625 27
1764160087942 20.953125 28
1764160101406 19.5 29
1764160114887 18.046875 30
1764160128373 22.15625 31
1764160141782 21.4375 32
1764160155216 20.46875 33
1764160168621 18.296875 34
1764160182024 19.65625 35
1764160195452 23.0 36
1764160208838 18.5 37
1764160222327 21.28125 38
1764160235805 20.71875 39
1764160249199 19.59375 40
1764160262691 19.78125 41
1764160276139 20.28125 42
1764160289505 25.5 43
1764160302929 23.96875 44
1764160316313 17.75 45
1764160329744 18.8125 46
1764160343197 18.5 47
1764160356620 20.125 48
1764160370024 19.0625 49
1764160383409 19.21875 50
1764160396864 23.78125 51
1764160410312 22.53125 52
1764160423723 19.109375 53
1764160437123 22.625 54
1764160450538 23.0625 55
1764160463983 18.28125 56
1764160477389 21.4375 57
1764160490797 22.59375 58
1764160504187 19.9375 59
1764160517615 16.359375 60
1764160531037 18.078125 61
1764160544424 18.59375 62
1764160557819 17.109375 63
1764160571206 18.296875 64
1764160584596 17.296875 65
1764160597945 18.0625 66
1764160611335 17.03125 67
1764160624822 19.390625 68
1764160638252 17.703125 69
1764160651742 20.125 70
1764160665127 16.375 71
1764160678626 15.390625 72
1764160692075 18.25 73
1764160705441 18.8125 74
1764160718835 17.71875 75
1764160732304 18.125 76
1764160745731 14.78125 77
1764160759139 14.421875 78
1764160772593 15.015625 79
1764160786054 16.859375 80
1764160799460 18.953125 81
1764160812888 17.234375 82
1764160826366 18.75 83
1764160839829 13.421875 84
1764160853274 15.359375 85
1764160866710 15.34375 86
1764160880102 13.265625 87
1764160893487 16.90625 88
1764160906891 15.0625 89
1764160920322 13.796875 90
1764160933790 14.3125 91
1764160947184 15.140625 92
1764160960649 14.515625 93
1764160974037 14.671875 94
1764160987499 14.03125 95
1764161000956 14.5 96
1764161014397 14.359375 97
1764161027785 14.1875 98
1764161041228 14.6875 99
1764161054690 14.4375 100
1764161068102 15.359375 101
1764161081587 15.765625 102
1764161095146 15.640625 103
1764161108557 16.390625 104
1764161121963 15.5 105
1764161135427 15.9375 106
1764161148862 17.71875 107
1764161162396 15.390625 108
1764161175792 15.703125 109
1764161189136 17.421875 110
1764161202512 16.0 111
1764161215918 17.390625 112
1764161229358 17.96875 113
1764161242726 19.96875 114
1764161256200 18.78125 115
1764161269646 18.0625 116
1764161283088 18.8125 117
1764161296539 17.75 118
1764161309942 19.90625 119
1764161323354 21.03125 120
1764161336831 24.0625 121
1764161350245 20.0 122
1764161363743 23.84375 123
1764161377163 20.15625 124
1764161390553 21.40625 125
1764161404002 18.8125 126
1764161417432 19.9375 127
1764161430863 19.78125 128
1764161444370 19.5625 129
1764161457806 19.125 130
1764161471218 18.59375 131
1764161484657 21.25 132
1764161498087 22.65625 133
1764161511478 19.28125 134
1764161524903 21.3125 135
1764161538310 20.03125 136
1764161551764 19.4375 137
1764161565146 23.25 138
1764161578565 19.875 139
1764161592054 20.21875 140
1764161605543 19.84375 141
1764161618949 18.5625 142
1764161632393 19.21875 143
1764161645788 20.34375 144
1764161659179 21.03125 145
1764161672593 19.3125 146
1764161686013 19.9375 147
1764161699431 20.65625 148
1764161712963 19.1875 149
1764161726382 18.6875 150
1764161739821 18.625 151
1764161753273 20.9375 152
1764161766696 18.53125 153
1764161780120 20.25 154
1764161793587 18.1875 155
1764161807075 20.71875 156
1764161820450 19.6875 157
1764161833843 19.59375 158
1764161847308 18.875 159
1764161860763 18.6875 160
1764161874164 19.125 161
1764161887570 17.625 162
1764161900978 17.25 163
1764161914386 19.375 164
1764161927878 18.84375 165
1764161941352 17.59375 166
1764161954846 18.25 167
1764161968334 18.1875 168
1764161981718 19.53125 169
1764161995105 18.28125 170
