1764159724091 0.016265165293589234 1
1764159737482 0.02580614248290658 2
1764159750950 0.02464768011122942 3
1764159764479 0.022273017559200525 4
1764159778003 0.024367067497223616 5
1764159791565 0.026805255562067032 6
1764159805110 0.03191308490931988 7
1764159818677 0.021498330868780613 8
1764159832198 0.02024646638892591 9
1764159845638 0.027379207778722048 10
1764159859260 0.02035019686445594 11
1764159872793 0.03411600925028324 12
1764159886270 0.022343609482049942 13
1764159899710 0.0290156127884984 14
1764159913267 0.022376295644789934 15
1764159926681 0.02905453648418188 16
1764159940108 0.018494497053325176 17
1764159953536 0.02404710464179516 18
1764159967036 0.02013781340792775 19
1764159980476 0.024518129415810108 20
1764159993923 0.019785000709816813 21
1764160007422 0.020303990226238966 22
1764160020851 0.023427606094628572 23
1764160034274 0.02380292909219861 24
1764160047694 0.021883922396227717 25
1764160061132 0.022591051645576954 26
1764160074540 0.02630296815186739 27
1764160087942 0.02300632745027542 28
1764160101406 0.024774736957624555 29
1764160114887 0.024598756339401007 30
1764160128373 0.02388071734458208 31
1764160141782 0.02324146032333374 32
1764160155216 0.020243891514837742 33
1764160168621 0.016394700622186065 34
1764160182024 0.016760977916419506 35
1764160195452 0.01601321273483336 36
1764160208838 0.01774236303754151 37
1764160222327 0.018483374966308475 38
1764160235805 0.019112405134364963 39
1764160249199 0.016083662281744182 40
1764160262691 0.017005565809085965 41
1764160276139 0.015911285066977143 42
1764160289505 0.01391305576544255 43
1764160302929 0.014026063494384289 44
1764160316313 0.01623086305335164 45
1764160329744 0.016075385035946965 46
1764160343197 0.015506350435316563 47
1764160356620 0.011987323639914393 48
1764160370024 0.016647729207761586 49
1764160383409 0.012561512878164649 50
1764160396864 0.015769000397995114 51
1764160410312 0.013765007490292192 52
1764160423723 0.01539151172619313 53
1764160437123 0.011846891255117953 54
1764160450538 0.008621578919701278 55
1764160463983 0.008368572797280649 56
1764160477389 0.01200183795299381 57
1764160490797 0.011340987170115113 58
1764160504187 0.009149352787062526 59
1764160517615 0.01414962881244719 60
1764160531037 0.01466160814743489 61
1764160544424 0.009747004369273782 62
1764160557819 0.006887154653668404 63
1764160571206 0.006405064777936786 64
1764160584596 0.007441513705998659 65
1764160597945 0.011498478706926107 66
1764160611335 0.006108981790021062 67
1764160624822 0.0033436755766160786 68
1764160638252 0.007141880370909348 69
1764160651742 0.006420489517040551 70
1764160665127 0.00754926900845021 71
1764160678626 0.0030132100800983608 72
1764160692075 -0.0028761784051312134 73
1764160705441 0.0026245200424455106 74
1764160718835 0.003261057863710448 75
1764160732304 0.0012096199207007885 76
1764160745731 -0.000428973842645064 77
1764160759139 -0.0007925772806629539 78
1764160772593 0.00197105563711375 79
1764160786054 -0.0006592828140128404 80
1764160799460 -0.0020306143997004256 81
1764160812888 -0.004146346356719732 82
1764160826366 -0.0014927639822417405 83
1764160839829 -0.0008257246518041939 84
1764160853274 -0.0025186414422933012 85
1764160866710 -0.005459855310618877 86
1764160880102 -0.008744440448936075 87
1764160893487 -0.0057295578881166875 88
1764160906891 -0.007865618914365768 89
1764160920322 -0.004549777484498918 90
1764160933790 -0.00506708184548188 91
1764160947184 -0.006487106205895543 92
1764160960649 -0.00580497263581492 93
1764160974037 -0.005919008515775204 94
1764160987499 -0.010577618842944503 95
1764161000956 -0.008985999855212867 96
1764161014397 -0.01613278768491 97
1764161027785 -0.013487921562045813 98
1764161041228 -0.018062029732391238 99
1764161054690 -0.01748827309347689 100
1764161068102 -0.018966810777783394 101
1764161081587 -0.01837496692314744 102
1764161095146 -0.021059614373371005 103
1764161108557 -0.027290523517876863 104
1764161121963 -0.03588851448148489 105
1764161135427 -0.03193744458258152 106
1764161148862 -0.03281142236664891 107
1764161162396 -0.030821257270872593 108
1764161175792 -0.03542338917031884 109
1764161189136 -0.034833481535315514 110
1764161202512 -0.04439661651849747 111
1764161215918 -0.045500230975449085 112
1764161229358 -0.04466642439365387 113
1764161242726 -0.04579877573996782 114
1764161256200 -0.046251073479652405 115
1764161269646 -0.0463453596457839 116
1764161283088 -0.04260826110839844 117
1764161296539 -0.050072139129042625 118
1764161309942 -0.05005290452390909 119
1764161323354 -0.07224875409156084 120
1764161336831 -0.05925544071942568 121
1764161350245 -0.06753899529576302 122
1764161363743 -0.06049484573304653 123
1764161377163 -0.0548062976449728 124
1764161390553 -0.05313233286142349 125
1764161404002 -0.07457156293094158 126
1764161417432 -0.057877023704349995 127
1764161430863 -0.058087670244276524 128
1764161444370 -0.06004309933632612 129
1764161457806 -0.06887256167829037 130
1764161471218 -0.077901067212224 131
1764161484657 -0.07680494897067547 132
1764161498087 -0.06972742266952991 133
1764161511478 -0.06627612002193928 134
1764161524903 -0.06565812043845654 135
1764161538310 -0.06597710680216551 136
1764161551764 -0.06311876978725195 137
1764161565146 -0.07143011409789324 138
1764161578565 -0.06918294075876474 139
1764161592054 -0.09141942672431469 140
1764161605543 -0.06567876879125834 141
1764161618949 -0.07973900623619556 142
1764161632393 -0.07915721647441387 143
1764161645788 -0.08399022836238146 144
1764161659179 -0.09508157055824995 145
1764161672593 -0.07655181176960468 146
1764161686013 -0.06817514356225729 147
1764161699431 -0.08391999546438456 148
1764161712963 -0.07046246342360973 149
1764161726382 -0.08648546226322651 150
1764161739821 -0.06467981450259686 151
1764161753273 -0.07193949818611145 152
1764161766696 -0.08300273679196835 153
1764161780120 -0.06962183862924576 154
1764161793587 -0.07701769005507231 155
1764161807075 -0.0818853359669447 156
1764161820450 -0.07029670476913452 157
1764161833843 -0.08191069215536118 158
1764161847308 -0.07816953584551811 159
1764161860763 -0.08286210149526596 160
1764161874164 -0.0640154480934143 161
1764161887570 -0.0777322743088007 162
1764161900978 -0.08971969597041607 163
1764161914386 -0.06867907010018826 164
1764161927878 -0.06159062497317791 165
1764161941352 -0.08774686325341463 166
1764161954846 -0.06521034706383944 167
1764161968334 -0.07511363178491592 168
1764161981718 -0.061197915114462376 169
1764161995105 -0.07967009302228689 170
