1764159724091 -17.890625 1
1764159737482 -20.4375 2
1764159750950 -20.3125 3
1764159764479 -19.59375 4
1764159778003 -18.625 5
1764159791565 -18.6875 6
1764159805110 -18.78125 7
1764159818677 -19.03125 8
1764159832198 -18.75 9
1764159845638 -19.84375 10
1764159859260 -19.5 11
1764159872793 -18.53125 12
1764159886270 -18.65625 13
1764159899710 -17.09375 14
1764159913267 -22.625 15
1764159926681 -18.0 16
1764159940108 -19.375 17
1764159953536 -16.71875 18
1764159967036 -16.796875 19
1764159980476 -18.859375 20
1764159993923 -17.71875 21
1764160007422 -20.125 22
1764160020851 -16.78125 23
1764160034274 -17.375 24
1764160047694 -18.375 25
1764160061132 -19.96875 26
1764160074540 -18.359375 27
1764160087942 -18.28125 28
1764160101406 -18.953125 29
1764160114887 -17.859375 30
1764160128373 -19.0 31
1764160141782 -16.296875 32
1764160155216 -16.578125 33
1764160168621 -18.09375 34
1764160182024 -19.84375 35
1764160195452 -19.15625 36
1764160208838 -17.6875 37
1764160222327 -18.921875 38
1764160235805 -17.84375 39
1764160249199 -18.0 40
1764160262691 -18.125 41
1764160276139 -18.71875 42
1764160289505 -20.28125 43
1764160302929 -20.0625 44
1764160316313 -18.53125 45
1764160329744 -16.890625 46
1764160343197 -19.9375 47
1764160356620 -19.21875 48
1764160370024 -15.65625 49
1764160383409 -17.5625 50
1764160396864 -18.6875 51
1764160410312 -17.390625 52
1764160423723 -17.109375 53
1764160437123 -17.359375 54
1764160450538 -20.4375 55
1764160463983 -18.015625 56
1764160477389 -18.0 57
1764160490797 -20.46875 58
1764160504187 -17.046875 59
1764160517615 -18.171875 60
1764160531037 -16.03125 61
1764160544424 -15.578125 62
1764160557819 -19.5625 63
1764160571206 -14.921875 64
1764160584596 -17.640625 65
1764160597945 -16.96875 66
1764160611335 -17.0625 67
1764160624822 -15.625 68
1764160638252 -18.296875 69
1764160651742 -18.640625 70
1764160665127 -15.46875 71
1764160678626 -15.859375 72
1764160692075 -16.453125 73
1764160705441 -16.4375 74
1764160718835 -15.390625 75
1764160732304 -16.125 76
1764160745731 -15.875 77
1764160759139 -14.796875 78
1764160772593 -16.03125 79
1764160786054 -17.15625 80
1764160799460 -17.8125 81
1764160812888 -16.546875 82
1764160826366 -15.0 83
1764160839829 -13.984375 84
1764160853274 -16.203125 85
1764160866710 -14.578125 86
1764160880102 -14.984375 87
1764160893487 -16.9375 88
1764160906891 -16.96875 89
1764160920322 -13.6875 90
1764160933790 -13.75 91
1764160947184 -14.59375 92
1764160960649 -15.4375 93
1764160974037 -13.59375 94
1764160987499 -17.015625 95
1764161000956 -15.359375 96
1764161014397 -16.609375 97
1764161027785 -17.5 98
1764161041228 -14.859375 99
1764161054690 -20.15625 100
1764161068102 -15.96875 101
1764161081587 -15.359375 102
1764161095146 -16.296875 103
1764161108557 -15.671875 104
1764161121963 -16.484375 105
1764161135427 -16.265625 106
1764161148862 -16.71875 107
1764161162396 -15.796875 108
1764161175792 -18.765625 109
1764161189136 -19.3125 110
1764161202512 -17.390625 111
1764161215918 -16.84375 112
1764161229358 -20.125 113
1764161242726 -17.875 114
1764161256200 -19.28125 115
1764161269646 -19.0625 116
1764161283088 -19.375 117
1764161296539 -16.96875 118
1764161309942 -19.0 119
1764161323354 -19.21875 120
1764161336831 -20.28125 121
1764161350245 -18.65625 122
1764161363743 -20.25 123
1764161377163 -19.5625 124
1764161390553 -18.15625 125
1764161404002 -19.0625 126
1764161417432 -19.90625 127
1764161430863 -19.0625 128
1764161444370 -17.84375 129
1764161457806 -16.578125 130
1764161471218 -16.734375 131
1764161484657 -18.0625 132
1764161498087 -17.375 133
1764161511478 -19.53125 134
1764161524903 -19.46875 135
1764161538310 -16.75 136
1764161551764 -18.59375 137
1764161565146 -16.53125 138
1764161578565 -17.21875 139
1764161592054 -19.125 140
1764161605543 -16.375 141
1764161618949 -15.921875 142
1764161632393 -15.9375 143
1764161645788 -16.484375 144
1764161659179 -17.390625 145
1764161672593 -19.8125 146
1764161686013 -17.4375 147
1764161699431 -16.515625 148
1764161712963 -15.46875 149
1764161726382 -13.828125 150
1764161739821 -17.078125 151
1764161753273 -15.734375 152
1764161766696 -16.78125 153
1764161780120 -17.25 154
1764161793587 -17.546875 155
1764161807075 -15.78125 156
1764161820450 -13.546875 157
1764161833843 -14.03125 158
1764161847308 -15.34375 159
1764161860763 -14.328125 160
1764161874164 -14.46875 161
1764161887570 -14.484375 162
1764161900978 -14.65625 163
1764161914386 -14.25 164
1764161927878 -16.5625 165
1764161941352 -13.265625 166
1764161954846 -14.078125 167
1764161968334 -14.6875 168
1764161981718 -17.71875 169
1764161995105 -13.1875 170
