1764159724091 2.6691128611564636 1
1764159737482 2.7173262238502502 2
1764159750950 3.0392998456954956 3
1764159764479 2.9098652005195618 4
1764159778003 2.707315742969513 5
1764159791565 2.7832804918289185 6
1764159805110 2.697059214115143 7
1764159818677 2.8143852949142456 8
1764159832198 2.653721809387207 9
1764159845638 2.6793975234031677 10
1764159859260 2.826058089733124 11
1764159872793 2.7725605964660645 12
1764159886270 2.7306718826293945 13
1764159899710 2.771781086921692 14
1764159913267 2.7344363927841187 15
1764159926681 2.7539587020874023 16
1764159940108 2.7169617414474487 17
1764159953536 2.6979323625564575 18
1764159967036 2.8218937516212463 19
1764159980476 2.6619767546653748 20
1764159993923 2.6342514157295227 21
1764160007422 2.8165277242660522 22
1764160020851 2.6677427887916565 23
1764160034274 2.8428561091423035 24
1764160047694 2.6672497987747192 25
1764160061132 2.793632984161377 26
1764160074540 2.8761505484580994 27
1764160087942 2.744776487350464 28
1764160101406 2.765457034111023 29
1764160114887 2.613397002220154 30
1764160128373 2.8034051656723022 31
1764160141782 2.666259229183197 32
1764160155216 2.6669225096702576 33
1764160168621 2.496561586856842 34
1764160182024 2.771108865737915 35
1764160195452 2.7165327072143555 36
1764160208838 2.554178774356842 37
1764160222327 2.6329134702682495 38
1764160235805 2.6833839416503906 39
1764160249199 2.61210173368454 40
1764160262691 2.5593008399009705 41
1764160276139 2.7541221380233765 42
1764160289505 2.6111327409744263 43
1764160302929 2.7892420291900635 44
1764160316313 2.6123164892196655 45
1764160329744 2.5940157175064087 46
1764160343197 2.7571632862091064 47
1764160356620 2.8301114439964294 48
1764160370024 2.554719567298889 49
1764160383409 2.5027376413345337 50
1764160396864 2.7269527316093445 51
1764160410312 2.583535313606262 52
1764160423723 2.5498064160346985 53
1764160437123 2.62379390001297 54
1764160450538 2.596108555793762 55
1764160463983 2.5794825553894043 56
1764160477389 2.546513855457306 57
1764160490797 2.5583274364471436 58
1764160504187 2.488971710205078 59
1764160517615 2.430041790008545 60
1764160531037 2.3415799140930176 61
1764160544424 2.4002914428710938 62
1764160557819 2.4175376296043396 63
1764160571206 2.508550763130188 64
1764160584596 2.362195372581482 65
1764160597945 2.4868220686912537 66
1764160611335 2.509565055370331 67
1764160624822 2.409594476222992 68
1764160638252 2.337339997291565 69
1764160651742 2.511305510997772 70
1764160665127 2.2307168841362 71
1764160678626 2.219230532646179 72
1764160692075 2.3376047611236572 73
1764160705441 2.235870212316513 74
1764160718835 2.3321229815483093 75
1764160732304 2.2543429732322693 76
1764160745731 2.3022671341896057 77
1764160759139 2.2012159526348114 78
1764160772593 2.187441885471344 79
1764160786054 2.2728059887886047 80
1764160799460 2.2899911999702454 81
1764160812888 2.262278735637665 82
1764160826366 2.2713696360588074 83
1764160839829 2.1227508187294006 84
1764160853274 2.2449246048927307 85
1764160866710 2.215222477912903 86
1764160880102 2.209735870361328 87
1764160893487 2.273183584213257 88
1764160906891 2.2097249627113342 89
1764160920322 2.2376387119293213 90
1764160933790 2.176650106906891 91
1764160947184 2.366167366504669 92
1764160960649 2.4374547004699707 93
1764160974037 2.256936192512512 94
1764160987499 2.513500154018402 95
1764161000956 2.622982978820801 96
1764161014397 2.4458475708961487 97
1764161027785 2.7605924010276794 98
1764161041228 2.669903039932251 99
1764161054690 2.6960344910621643 100
1764161068102 2.695746123790741 101
1764161081587 2.77464759349823 102
1764161095146 2.8590452671051025 103
1764161108557 2.884448230266571 104
1764161121963 3.0199482440948486 105
1764161135427 3.0951369404792786 106
1764161148862 3.0286360383033752 107
1764161162396 3.098041594028473 108
1764161175792 3.2835841178894043 109
1764161189136 3.196993350982666 110
1764161202512 3.5702142119407654 111
1764161215918 3.476223945617676 112
1764161229358 3.6054336428642273 113
1764161242726 3.764275908470154 114
1764161256200 3.6198556423187256 115
1764161269646 3.74678373336792 116
1764161283088 3.847344994544983 117
1764161296539 3.764713227748871 118
1764161309942 4.031630873680115 119
1764161323354 4.124909698963165 120
1764161336831 3.9714139699935913 121
1764161350245 4.054019391536713 122
1764161363743 4.119227051734924 123
1764161377163 4.189981698989868 124
1764161390553 3.9947264194488525 125
1764161404002 4.145520746707916 126
1764161417432 4.022842288017273 127
1764161430863 4.187848091125488 128
1764161444370 4.227286696434021 129
1764161457806 4.2198410630226135 130
1764161471218 4.244838833808899 131
1764161484657 4.393164038658142 132
1764161498087 4.355165719985962 133
1764161511478 4.284262597560883 134
1764161524903 4.5614542961120605 135
1764161538310 4.3659515380859375 136
1764161551764 4.2972869873046875 137
1764161565146 4.418690323829651 138
1764161578565 4.380302786827087 139
1764161592054 4.614471912384033 140
1764161605543 4.523773789405823 141
1764161618949 4.375463247299194 142
1764161632393 4.307835936546326 143
1764161645788 4.519318342208862 144
1764161659179 4.615942716598511 145
1764161672593 4.28665816783905 146
1764161686013 4.490987658500671 147
1764161699431 4.416332840919495 148
1764161712963 4.390784502029419 149
1764161726382 4.445757508277893 150
1764161739821 4.586326479911804 151
1764161753273 4.598588347434998 152
1764161766696 4.436784982681274 153
1764161780120 4.445291042327881 154
1764161793587 4.379117488861084 155
1764161807075 4.500765323638916 156
1764161820450 4.25362241268158 157
1764161833843 4.3600263595581055 158
1764161847308 4.308544635772705 159
1764161860763 4.335402011871338 160
1764161874164 4.218666195869446 161
1764161887570 4.3230204582214355 162
1764161900978 4.391885161399841 163
1764161914386 4.409507989883423 164
1764161927878 4.085680186748505 165
1764161941352 4.347765326499939 166
1764161954846 4.166394054889679 167
1764161968334 4.0946826338768005 168
1764161981718 4.197316527366638 169
1764161995105 4.24818742275238 170
