1764159724091 1.1435546875 1
1764159737482 1.216796875 2
1764159750950 1.859375 3
1764159764479 1.361328125 4
1764159778003 0.9453125 5
1764159791565 1.3408203125 6
1764159805110 1.001953125 7
1764159818677 1.1181640625 8
1764159832198 0.9501953125 9
1764159845638 0.771484375 10
1764159859260 1.419921875 11
1764159872793 1.35546875 12
1764159886270 1.173828125 13
1764159899710 1.1591796875 14
1764159913267 1.0693359375 15
1764159926681 1.330078125 16
1764159940108 1.349609375 17
1764159953536 1.1845703125 18
1764159967036 1.259765625 19
1764159980476 1.2275390625 20
1764159993923 1.0546875 21
1764160007422 1.193359375 22
1764160020851 0.8505859375 23
1764160034274 1.462890625 24
1764160047694 1.0927734375 25
1764160061132 1.3134765625 26
1764160074540 1.154296875 27
1764160087942 1.1005859375 28
1764160101406 1.388671875 29
1764160114887 0.99169921875 30
1764160128373 1.396484375 31
1764160141782 1.1171875 32
1764160155216 1.228515625 33
1764160168621 1.2529296875 34
1764160182024 1.529296875 35
1764160195452 1.0712890625 36
1764160208838 1.0205078125 37
1764160222327 0.9716796875 38
1764160235805 1.197265625 39
1764160249199 1.189453125 40
1764160262691 1.02734375 41
1764160276139 1.16015625 42
1764160289505 1.17236328125 43
1764160302929 1.435546875 44
1764160316313 1.22265625 45
1764160329744 1.0576171875 46
1764160343197 1.1494140625 47
1764160356620 1.482421875 48
1764160370024 0.986328125 49
1764160383409 1.0146484375 50
1764160396864 1.115234375 51
1764160410312 0.822265625 52
1764160423723 0.931640625 53
1764160437123 1.029296875 54
1764160450538 1.1025390625 55
1764160463983 0.8544921875 56
1764160477389 0.8388671875 57
1764160490797 0.912109375 58
1764160504187 0.7265625 59
1764160517615 0.7646484375 60
1764160531037 0.5809326171875 61
1764160544424 0.66259765625 62
1764160557819 0.64013671875 63
1764160571206 0.45751953125 64
1764160584596 0.6806640625 65
1764160597945 0.60888671875 66
1764160611335 0.59375 67
1764160624822 0.57781982421875 68
1764160638252 0.583984375 69
1764160651742 0.451904296875 70
1764160665127 0.5185546875 71
1764160678626 0.25439453125 72
1764160692075 0.453125 73
1764160705441 0.237152099609375 74
1764160718835 0.316650390625 75
1764160732304 0.22125244140625 76
1764160745731 0.295166015625 77
1764160759139 0.1893310546875 78
1764160772593 0.2467041015625 79
1764160786054 0.269775390625 80
1764160799460 -0.02783203125 81
1764160812888 0.113525390625 82
1764160826366 0.13134765625 83
1764160839829 0.20361328125 84
1764160853274 0.1656494140625 85
1764160866710 0.2115478515625 86
1764160880102 0.2485504150390625 87
1764160893487 0.38232421875 88
1764160906891 0.42138671875 89
1764160920322 0.40673828125 90
1764160933790 0.32305908203125 91
1764160947184 0.4423828125 92
1764160960649 0.279541015625 93
1764160974037 0.45947265625 94
1764160987499 0.6591796875 95
1764161000956 0.64794921875 96
1764161014397 0.466552734375 97
1764161027785 0.73193359375 98
1764161041228 0.54248046875 99
1764161054690 0.671875 100
1764161068102 0.57147216796875 101
1764161081587 0.5721435546875 102
1764161095146 0.806640625 103
1764161108557 0.8974609375 104
1764161121963 0.8232421875 105
1764161135427 0.8466796875 106
1764161148862 0.845703125 107
1764161162396 0.8935546875 108
1764161175792 1.005859375 109
1764161189136 0.75 110
1764161202512 0.9150390625 111
1764161215918 1.033203125 112
1764161229358 0.880859375 113
1764161242726 0.7481689453125 114
1764161256200 0.88427734375 115
1764161269646 0.94140625 116
1764161283088 0.78857421875 117
1764161296539 0.6884765625 118
1764161309942 0.9697265625 119
1764161323354 0.6005859375 120
1764161336831 0.8857421875 121
1764161350245 0.2928466796875 122
1764161363743 0.73388671875 123
1764161377163 0.732421875 124
1764161390553 0.47021484375 125
1764161404002 0.87109375 126
1764161417432 0.47705078125 127
1764161430863 0.775390625 128
1764161444370 0.7783203125 129
1764161457806 0.5009765625 130
1764161471218 0.96826171875 131
1764161484657 0.787109375 132
1764161498087 0.9716796875 133
1764161511478 0.9638671875 134
1764161524903 0.664306640625 135
1764161538310 0.8095703125 136
1764161551764 0.79345703125 137
1764161565146 0.86328125 138
1764161578565 0.9794921875 139
1764161592054 0.912109375 140
1764161605543 0.8193359375 141
1764161618949 0.90234375 142
1764161632393 0.857421875 143
1764161645788 0.6513671875 144
1764161659179 1.119140625 145
1764161672593 0.97265625 146
1764161686013 0.801025390625 147
1764161699431 0.699951171875 148
1764161712963 0.6590576171875 149
1764161726382 0.6337890625 150
1764161739821 0.9677734375 151
1764161753273 0.974609375 152
1764161766696 1.0185546875 153
1764161780120 0.939453125 154
1764161793587 0.53564453125 155
1764161807075 0.7919921875 156
1764161820450 0.9501953125 157
1764161833843 0.9580078125 158
1764161847308 0.74951171875 159
1764161860763 1.0498046875 160
1764161874164 0.8046875 161
1764161887570 1.5 162
1764161900978 1.1201171875 163
1764161914386 1.318359375 164
1764161927878 1.1259765625 165
1764161941352 0.9228515625 166
1764161954846 0.83203125 167
1764161968334 1.072265625 168
1764161981718 1.529296875 169
1764161995105 1.314453125 170
