1764159724091 11.21875 1
1764159737482 12.28125 2
1764159750950 16.1875 3
1764159764479 13.3125 4
1764159778003 11.484375 5
1764159791565 13.25 6
1764159805110 12.140625 7
1764159818677 12.125 8
1764159832198 10.859375 9
1764159845638 10.375 10
1764159859260 13.734375 11
1764159872793 13.25 12
1764159886270 11.84375 13
1764159899710 12.296875 14
1764159913267 11.359375 15
1764159926681 12.59375 16
1764159940108 12.171875 17
1764159953536 11.625 18
1764159967036 13.1875 19
1764159980476 11.953125 20
1764159993923 10.796875 21
1764160007422 13.1875 22
1764160020851 11.125 23
1764160034274 13.890625 24
1764160047694 12.15625 25
1764160061132 12.875 26
1764160074540 13.1875 27
1764160087942 12.1875 28
1764160101406 13.421875 29
1764160114887 11.21875 30
1764160128373 13.015625 31
1764160141782 10.546875 32
1764160155216 11.625 33
1764160168621 11.171875 34
1764160182024 12.578125 35
1764160195452 10.828125 36
1764160208838 10.015625 37
1764160222327 10.96875 38
1764160235805 11.5 39
1764160249199 10.6875 40
1764160262691 10.140625 41
1764160276139 11.875 42
1764160289505 10.921875 43
1764160302929 12.5625 44
1764160316313 10.65625 45
1764160329744 10.0 46
1764160343197 11.796875 47
1764160356620 12.859375 48
1764160370024 10.125 49
1764160383409 9.28125 50
1764160396864 12.203125 51
1764160410312 10.1875 52
1764160423723 10.3046875 53
1764160437123 11.34375 54
1764160450538 10.609375 55
1764160463983 9.984375 56
1764160477389 10.0078125 57
1764160490797 9.40625 58
1764160504187 9.25 59
1764160517615 9.09375 60
1764160531037 8.90625 61
1764160544424 9.5625 62
1764160557819 8.3046875 63
1764160571206 9.59375 64
1764160584596 8.4609375 65
1764160597945 9.09375 66
1764160611335 9.578125 67
1764160624822 8.9453125 68
1764160638252 8.125 69
1764160651742 9.2578125 70
1764160665127 7.59375 71
1764160678626 7.6640625 72
1764160692075 7.9296875 73
1764160705441 7.25 74
1764160718835 7.9140625 75
1764160732304 7.6484375 76
1764160745731 8.1640625 77
1764160759139 7.578125 78
1764160772593 7.1328125 79
1764160786054 8.21875 80
1764160799460 8.453125 81
1764160812888 7.625 82
1764160826366 8.28125 83
1764160839829 7.453125 84
1764160853274 8.1171875 85
1764160866710 7.609375 86
1764160880102 7.7265625 87
1764160893487 7.46875 88
1764160906891 7.8125 89
1764160920322 7.59375 90
1764160933790 7.1953125 91
1764160947184 7.9375 92
1764160960649 9.0234375 93
1764160974037 7.7578125 94
1764160987499 9.53125 95
1764161000956 10.21875 96
1764161014397 9.3828125 97
1764161027785 10.703125 98
1764161041228 10.15625 99
1764161054690 10.484375 100
1764161068102 10.53125 101
1764161081587 11.375 102
1764161095146 11.71875 103
1764161108557 11.15625 104
1764161121963 12.3125 105
1764161135427 12.484375 106
1764161148862 11.9375 107
1764161162396 13.125 108
1764161175792 14.21875 109
1764161189136 13.375 110
1764161202512 15.546875 111
1764161215918 15.109375 112
1764161229358 15.5625 113
1764161242726 17.65625 114
1764161256200 16.375 115
1764161269646 17.359375 116
1764161283088 18.046875 117
1764161296539 17.265625 118
1764161309942 19.046875 119
1764161323354 18.6875 120
1764161336831 17.96875 121
1764161350245 18.90625 122
1764161363743 19.84375 123
1764161377163 21.5 124
1764161390553 18.921875 125
1764161404002 20.34375 126
1764161417432 20.09375 127
1764161430863 21.375 128
1764161444370 21.03125 129
1764161457806 21.59375 130
1764161471218 22.1875 131
1764161484657 22.375 132
1764161498087 22.46875 133
1764161511478 21.78125 134
1764161524903 25.0 135
1764161538310 22.65625 136
1764161551764 23.34375 137
1764161565146 24.25 138
1764161578565 22.78125 139
1764161592054 25.46875 140
1764161605543 25.875 141
1764161618949 23.4375 142
1764161632393 22.5625 143
1764161645788 24.75 144
1764161659179 27.8125 145
1764161672593 23.5625 146
1764161686013 26.46875 147
1764161699431 25.8125 148
1764161712963 25.59375 149
1764161726382 25.46875 150
1764161739821 27.75 151
1764161753273 28.03125 152
1764161766696 25.65625 153
1764161780120 25.4375 154
1764161793587 25.625 155
1764161807075 26.53125 156
1764161820450 24.3125 157
1764161833843 26.09375 158
1764161847308 24.75 159
1764161860763 27.5625 160
1764161874164 26.28125 161
1764161887570 26.15625 162
1764161900978 25.625 163
1764161914386 27.84375 164
1764161927878 23.625 165
1764161941352 26.3125 166
1764161954846 25.6875 167
1764161968334 25.6875 168
1764161981718 27.96875 169
1764161995105 26.28125 170
