1764159724091 3.328125 1
1764159737482 3.48828125 2
1764159750950 3.90625 3
1764159764479 3.59375 4
1764159778003 3.3671875 5
1764159791565 3.55859375 6
1764159805110 3.43359375 7
1764159818677 3.46484375 8
1764159832198 3.265625 9
1764159845638 3.203125 10
1764159859260 3.625 11
1764159872793 3.62109375 12
1764159886270 3.41796875 13
1764159899710 3.4765625 14
1764159913267 3.359375 15
1764159926681 3.5078125 16
1764159940108 3.46875 17
1764159953536 3.35546875 18
1764159967036 3.60546875 19
1764159980476 3.41796875 20
1764159993923 3.2734375 21
1764160007422 3.57421875 22
1764160020851 3.32421875 23
1764160034274 3.6875 24
1764160047694 3.453125 25
1764160061132 3.55078125 26
1764160074540 3.59765625 27
1764160087942 3.48828125 28
1764160101406 3.6328125 29
1764160114887 3.29296875 30
1764160128373 3.55859375 31
1764160141782 3.234375 32
1764160155216 3.3828125 33
1764160168621 3.28125 34
1764160182024 3.48828125 35
1764160195452 3.28515625 36
1764160208838 3.1484375 37
1764160222327 3.28125 38
1764160235805 3.375 39
1764160249199 3.25390625 40
1764160262691 3.12890625 41
1764160276139 3.40625 42
1764160289505 3.23828125 43
1764160302929 3.51171875 44
1764160316313 3.24609375 45
1764160329744 3.12890625 46
1764160343197 3.41796875 47
1764160356620 3.54296875 48
1764160370024 3.17578125 49
1764160383409 3.0390625 50
1764160396864 3.44921875 51
1764160410312 3.171875 52
1764160423723 3.1328125 53
1764160437123 3.30859375 54
1764160450538 3.23828125 55
1764160463983 3.140625 56
1764160477389 3.1328125 57
1764160490797 3.05859375 58
1764160504187 3.0234375 59
1764160517615 2.984375 60
1764160531037 2.93359375 61
1764160544424 3.0546875 62
1764160557819 2.8515625 63
1764160571206 3.0234375 64
1764160584596 2.88671875 65
1764160597945 2.984375 66
1764160611335 3.046875 67
1764160624822 2.9140625 68
1764160638252 2.80859375 69
1764160651742 2.97265625 70
1764160665127 2.703125 71
1764160678626 2.6484375 72
1764160692075 2.75390625 73
1764160705441 2.5703125 74
1764160718835 2.71875 75
1764160732304 2.63671875 76
1764160745731 2.73046875 77
1764160759139 2.6171875 78
1764160772593 2.56640625 79
1764160786054 2.75 80
1764160799460 2.70703125 81
1764160812888 2.609375 82
1764160826366 2.73046875 83
1764160839829 2.58203125 84
1764160853274 2.71875 85
1764160866710 2.640625 86
1764160880102 2.671875 87
1764160893487 2.65625 88
1764160906891 2.72265625 89
1764160920322 2.68359375 90
1764160933790 2.57421875 91
1764160947184 2.75 92
1764160960649 2.890625 93
1764160974037 2.72265625 94
1764160987499 3.05078125 95
1764161000956 3.16796875 96
1764161014397 2.98828125 97
1764161027785 3.25390625 98
1764161041228 3.14453125 99
1764161054690 3.21875 100
1764161068102 3.19140625 101
1764161081587 3.328125 102
1764161095146 3.41015625 103
1764161108557 3.32421875 104
1764161121963 3.4921875 105
1764161135427 3.4921875 106
1764161148862 3.44921875 107
1764161162396 3.59765625 108
1764161175792 3.76953125 109
1764161189136 3.62109375 110
1764161202512 3.93359375 111
1764161215918 3.875 112
1764161229358 3.91796875 113
1764161242726 4.14453125 114
1764161256200 4.01171875 115
1764161269646 4.1484375 116
1764161283088 4.21875 117
1764161296539 4.13671875 118
1764161309942 4.35546875 119
1764161323354 4.3046875 120
1764161336831 4.234375 121
1764161350245 4.28125 122
1764161363743 4.4453125 123
1764161377163 4.625 124
1764161390553 4.3046875 125
1764161404002 4.484375 126
1764161417432 4.4375 127
1764161430863 4.609375 128
1764161444370 4.578125 129
1764161457806 4.6171875 130
1764161471218 4.6953125 131
1764161484657 4.7109375 132
1764161498087 4.7265625 133
1764161511478 4.6640625 134
1764161524903 4.96875 135
1764161538310 4.7421875 136
1764161551764 4.8125 137
1764161565146 4.9140625 138
1764161578565 4.7734375 139
1764161592054 5.046875 140
1764161605543 5.0703125 141
1764161618949 4.8359375 142
1764161632393 4.734375 143
1764161645788 4.96875 144
1764161659179 5.2421875 145
1764161672593 4.828125 146
1764161686013 5.1171875 147
1764161699431 5.0703125 148
1764161712963 5.0234375 149
1764161726382 5.0234375 150
1764161739821 5.2578125 151
1764161753273 5.28125 152
1764161766696 5.0546875 153
1764161780120 5.0390625 154
1764161793587 5.0390625 155
1764161807075 5.140625 156
1764161820450 4.9140625 157
1764161833843 5.109375 158
1764161847308 4.953125 159
1764161860763 5.2421875 160
1764161874164 5.109375 161
1764161887570 5.078125 162
1764161900978 5.0546875 163
1764161914386 5.265625 164
1764161927878 4.8515625 165
1764161941352 5.1171875 166
1764161954846 5.0625 167
1764161968334 5.0546875 168
1764161981718 5.2421875 169
1764161995105 5.109375 170
